1110 3 4 1000 1 10 100
1109 3 4 1000 1 10 100
33 1 2 33 4
2 4 6 1 1 1 1 1 1
10000 9 9 1000 1000 1000 1000 1000 1000 1000 1000 1000
9701 1 3 744 263 530
6394 3 8 257 257 120 712 352 844 706 109
7973 1 4 170 933 918 848
7593 1 2 224 550
6191 1 2 552 428
8485 4 4 921 945 311 863
492 3 7 711 237 877 432 930 398 676
8426 1 1 135
4105 1 4 728 127 744 335
4510 6 6 621 257 933 573 614 491
1797 1 4 696 50 328 720
1306 4 4 650 357 185 94
1606 3 3 510 755 353
2202 1 4 802 691 331 338
2776 4 9 12 428 43 107 969 213 2 511 481
4390 7 7 815 848 565 198 626 439 932
2294 3 4 188 914 180 996
2917 4 6 563 135 274 548 522 831
4470 5 8 727 504 598 409 894 989 239 86
2098 4 4 212 747 388 711
578 1 2 104 474
2705 5 6 106 184 953 371 788 303
3147 2 7 111 401 997 143 586 861 48
3259 9 9 159 387 220 401 416 56 683 875 62
2866 3 8 269 366 471 519 724 90 107 320
5570 8 8 733 994 975 596 811 674 56 731
706 1 1 706
2464 2 4 874 354 475 761
3664 3 8 645 144 641 738 680 136 150 530
1836 3 4 418 256 788 374
9000 9 9 1000 1000 1000 1000 1000 1000 1000 1000 1000
7000 7 9 1000 1000 1000 1000 1000 1000 1000 1000 1000
9000 9 9 1000 1000 1000 1000 1000 1000 1000 1000 1000
1000 1 9 1000 1000 1000 1000 1000 1000 1000 1000 1000
7000 7 9 1000 1000 1000 1000 1000 1000 1000 1000 1000
4 6 8 1 1 1 1 1 1 1 1
8 1 3 1 1 1
7 6 6 1 1 1 1 1 1
9 3 3 1 1 1
6 7 8 1 1 1 1 1 1 1 1
5 3 7 1 1 1 1 1 1 1
1 1 4 1 1 1 1
10 1 1 1
10 3 5 1 1 1 1 1
4 6 7 1 1 1 1 1 1 1
1547 8 8 433 564 18 108 584 911 468 117
2354 1 4 72 108 257 521
5720 4 7 431 478 49 521 205 415 811
3925 3 7 132 702 710 752 23 818 653
6598 4 5 154 626 979 617 143
3768 6 8 918 405 744 396 750 408 937 303
4998 1 6 341 399 897 52 808 768
5162 2 4 810 331 361 717
5131 1 2 754 99
693 3 3 890 89 32
8766 2 4 295 694 166 950
6230 1 3 842 49 944
7565 1 7 210 389 755 244 502 272 517
3093 4 4 6 612 213 783
4005 1 1 325
9907 5 5 805 364 392 274 576
7748 5 6 897 860 764 359 578 485
3431 4 4 606 455 195 360
1448 1 1 25
4568 8 9 877 50 793 589 305 134 559 843 415
580 8 8 392 1 993 119 399 719 869 976
7415 6 7 597 380 917 467 841 233 431
1056 3 7 312 180 797 301 217 904 994
9555 3 8 906 30 38 898 287 658 378 683
8491 4 7 530 581 642 867 853 934 661
59 6 6 607 115 186 648 228 436
605 2 2 743 375
2672 2 2 606 481
1833 5 6 482 681 792 776 1 47
9469 3 3 227 179 667
7093 7 9 464 923 512 894 649 958 832 920 513
7453 3 3 224 39 610
1036 2 8 977 153 518 424 403 705 937 351
3625 6 8 965 427 166 776 405 165 874 259
8452 2 4 778 225 227 605
29 4 9 1 2 3 4 5 6 7 8 9
29 4 9 9 8 7 6 5 4 3 2 1
29 4 10 1 2 3 9 4 8 7 6 4 5
1234 2 6 19 114 514 810 334 893
1110 3 4 1000 1 10 100
1109 3 4 1000 1 10 100
10 3 5 1 5 6 11 2
3 2 3 1 2 3
40 1 1 50
3 4 4 1 1 1 1
7 3 6 1 2 3 4 5 6
1110 3 4 1000 1000 1000 1000
4 5 5 1 1 1 1 1
4 1 2 1 4
2 4 6 1 1 1 1 1 1
110 2 3 100 1 101
11 2 3 10 1 10
7 2 4 1 2 3 4
1 1 3 1 1 10
33 1 2 33 34
2 5 6 1 1 1 1 1 1
8 2 3 4 4 4
7 4 8 1 1 1 1 2 2 2 2
100 3 4 1 1 1 100
10 9 9 1 1 1 1 1 1 1 1 1
3 3 4 1 1 1 1000
1 1 2 1 10
5 2 3 1 2 4
4 7 8 1 1 1 1 1 1 1 1
110 2 4 33 4 78 40
1115 3 4 1000 1 10 100
999 2 4 1000 10 1 100
1 1 1 1000
15 2 4 1 2 9 10
100 1 3 1000 1 10

