1110 3 4 1000 1 10 100
1109 3 4 1000 1 10 100
33 1 2 33 4
2 4 6 1 1 1 1 1 1
10000 9 9 1000 1000 1000 1000 1000 1000 1000 1000 1000
9701 1 3 744 263 530
6394 3 8 257 257 120 712 352 844 706 109
7973 1 4 170 933 918 848
7593 1 2 224 550
6191 1 2 552 428
8485 4 4 921 945 311 863
492 3 7 711 237 877 432 930 398 676
8426 1 1 135
4105 1 4 728 127 744 335
4510 6 6 621 257 933 573 614 491
1797 1 4 696 50 328 720
1306 4 4 650 357 185 94
1606 3 3 510 755 353
2202 1 4 802 691 331 338
2776 4 9 12 428 43 107 969 213 2 511 481
