5 150 150 150 150 150
4 130 140 150 160
9 101 101 101 101 101 101 101 101 101
9 101 200 101 101 101 101 200 101 200
11 123 145 167 213 245 267 289 132 154 176 198
31 193 193 198 197 188 188 185 190 191 195 191 188 198 189 186 195 199 200 186 189 187 200 188 198 194 192 193 197 190 198 188
4 263 229 244 249
44 185 166 194 201 220 198 176 179 160 138 196 150 149 157 160 222 109 169 196 197 124 119 224 152 123 116 142 119 218 123 131 188 187 177 210 205 196 166 120 214 165 192 154 200
17 159 155 157 163 155 164 154 164 160 162 157 156 155 156 161 163 165
35 226 225 253 240 231 253 243 231 222 229 254 228 246 262 242 226 251 260 242 242 231 261 252 248 245 228 261 242 241 226 264 258 263 230 257
11 255 246 166 204 200 219 179 183 262 213 191
27 217 204 214 218 221 211 211 223 224 218 217 206 212 216 214 225 213 224 205 213 223 219 205 210 205 218 218
12 163 162 166 166 164 168 169 161 161 164 162 161
4 126 158 181 132
32 224 227 221 225 222 225 225 219 228 228 225 225 223 228 222 219 227 221 220 219 219 228 224 225 227 222 224 223 219 228 219 219
34 207 226 208 247 200 173 223 163 200 240 209 162 178 253 169 174 200 254 188 190 172 161 221 183 168 223 206 196 178 216 219 167 228 171
12 179 184 211 178 165 190 173 206 204 153 153 177
41 204 216 231 239 299 273 268 249 256 279 253 228 281 289 277 291 269 215 252 272 273 264 212 231 271 295 244 214 241 216 254 208 231 289 239 224 220 250 279 220 227
11 179 141 151 160 184 177 157 167 147 158 173
34 232 206 236 226 241 214 214 238 207 215 239 206 215 229 212 237 224 242 211 230 242 227 208 208 208 228 229 208 229 236 237 214 235 223
