3
1 3 4
1 5
1
1
1 100
10
1 2 3 4 5 6 7 8 9 10
1 10
3
1 2 3
1 8
5
1 2 4 8 16
1 20
27
1 6 11 16 17 18 21 29 30 32 33 35 43 46 54 60 61 65 67 69 70 77 82 83 86 92 93
16224 71736
28
1 13 17 19 22 28 29 38 40 41 45 46 54 56 57 63 67 74 75 76 77 79 81 82 83 85 97 100
21872 29612
29
1 7 8 9 22 28 29 30 34 39 42 43 44 45 46 47 51 52 58 59 67 81 86 87 88 89 92 95 96
50603 82865
30
1 7 9 10 12 15 20 22 33 42 47 50 54 56 61 66 69 71 72 75 81 82 83 87 90 91 93 95 96 100
60 4752
31
1 2 8 14 15 22 24 26 27 28 33 37 38 39 42 46 50 52 62 63 68 72 73 75 77 86 88 92 94 95 97
24595 62127
