101101101
1111101
00000
110011011
1000101011
111011100110101100101110111
1101100011010111001001101011011100010111011110101
0101
1001
11111111111111111111111111111111111111111111111111
10111001110011
10011100011110011100111110100001001110011
10111110101111000011111010000100111110100001001101
11101111011011111101110011101101101111011101101111
11111101111111011111011101
1011111110111111011111101111111111101111110111
11111011111101111110111111011111101111110111111011
11111011111111101111111101111111101111110111111111
11111011111101111111011111101111111111111101111111
11001110001
110011000100101101
111110100001001
101111101
11001110001111101
0
1
00
10
01
11
000
100
010
110
001
101
011
111
00000000000000000000000000000000000000000000000000
101101101101101101101101101101101101101101101101
00010111001110100000101101001100010011111111100110
11101001011110011100110111100111000111000100001010
01010101001001100110001101101110111100111111001100
01000000100101011000001001011111111100100100100111
10001110000011011101010011010001011111010100000001
11110101100011101001011001110010110000
0101011001101011010111000100010
001001011000000011001011100001000111000
11001111010110010000110011100110011111001101
0011100
1
101
11001
1111101
1001110001
110000110101
11110100001001
10011000100101101
1011111010111100001
111011100110101100101
100101010000001011111001
10111010010000111011011101
1110100011010100101001010001
1001000110000100111001110010101
101101011110011000100000111101001
11100011010111111010100100110001101
10001110000110111100100110111111000001
1011000110100010101111000010111011000101
110111100000101101101011001110100111011001
100010101100011100100011000001001000100111101
10101101011110001110101111000101101011000110001
1101100011010111001001101011011100010111011110101
11110011100111011100111100110110110111100110111001
101110011100011001110001111110110011100011111101
11001110011111010000100110110111100111110100001001
1111010000100111110100001001110000110101
101111011100110101100101110011011111010111100001
111010001101010010100101000110011100011
11110100001001111011100110101100101
111101000010011001010100000010111110011
1111101101110100100001110110111011100110011100011
1001110001
11011110000010110110101100111010011101100111001
101110011100110110110110111001110011100110111001
11111011100111001100111000110011100011011001110001
1100110011100011111010000100110111110100001001
111110110111110101111000011001110001
101111011100110101100101100101010000001011111001
100110001001011011110100011010100101001010001
101101011110011000100000111101001101
111011100110101100101101101
1011111010111100001
10111001110111100000101101101011001110100111011001
10111010010000111011011101100101010000001011111001
11111111111111111111111111110
1011111011011111011011111011011111011011111011111
0011
00000000000000000000000001111111111111111111111111
11001000110000100111001110010101
10101101011110001110101111000101101011000110001101
1000111000011011110010011011111100000110111001
1010101
111110111111011111101101
1000000000000000000000000000000000000000000000000
000001111101
11010110101111000111010111100010110101100011000111
110111110101
11111011111010111100001
11011000110101110010011010110111000101110111101011
