2
1
1
1
1
1
0
0
0
0
0
9
4
3
0
2
1
1
1
1
1
0
9
0
1
0
9
4
3
0
20
10
13
12
10
10
2
1
0
0
0
90
40
30
2
1
0
0
0
1
0
0
0
0
2
0
90
40
30
1
0
1
2
29
18
0
0
0
1
6
0
900
400
300
19
2
2
2
20
0
1
0
2
2
33
0
900
400
300
20
41
16
10
0
9
0
18
14
40
0
0
9000
4000
3000
191
36
1000
33
8
89
8
16
13
25
10
0
9000
4000
3000
192
0
531
112
526
255
145
241
171
606
222
0
90000
40000
30000
1918
1137
667
0
0
1304
82
428
112
110
103
0
90000
40000
30000
1915
4664
0
6349
0
2152
0
0
0
5197
1949
0
900000
400000
300000
19151
23541
2127
886
129100
3222
0
1627
0
1502
133333
0
900000
400000
300000
19146
0
52637
11022
6485
6450
8151
5993
12577
11364
176470
0
9000000
4000000
3000000
191489
14005
219537
17650
444444
39308
11792
47122
16818
0
23397
0
9000000
4000000
3000000
191497
112919
0
708654
414750
597016
272152
0
0
479280
0
0
90000000
40000000
30000000
1914897
196066
110069
377359
259114
4444444
1914886
768100
0
5294134
96412
0
90000000
40000000
30000000
1914886
1433728
21951769
11764710
917396
1952255
970844
3448280
2593651
952385
1333333
0
900000000
400000000
300000000
19148939
0
1307187
1070533
598492
4116710
2301775
0
29151253
828313
2244399
0
900000000
400000000
300000000
19148935
0
23255815
10752738
18789087
26065022
9345797
10282346
102565178
0
10416667
0
9000000000
4000000000
3000000000
191489351
