285
4 1
5 1
6 1
7 1
8 1
9 1
10 1
153 1
638 1
898 1
1000 1
1 1
2 1
3 1
47 1
4 2
5 2
6 2
7 2
8 2
9 2
10 2
11 2
249 2
99 2
1000 2
1 2
2 2
3 2
47 2
4 3
5 3
6 3
7 3
8 3
9 3
34 3
88 3
184 3
904 3
1000 3
1 3
2 3
3 3
47 3
485 4
89 4
309 4
135 4
72 4
614 4
939 4
498 4
726 4
74 4
1000 4
1 4
2 4
3 4
47 4
755 5
955 5
556 5
28 5
137 5
570 5
10 5
624 5
473 5
292 5
1000 5
1 5
2 5
3 5
47 5
373 6
613 6
714 6
814 6
760 6
722 6
560 6
822 6
599 6
264 6
1000 6
1 6
2 6
3 6
47 6
369 7
395 7
982 7
930 7
864 7
567 7
352 7
563 7
194 7
680 7
1000 7
1 7
2 7
3 7
47 7
249 8
8 8
272 8
927 8
97 8
813 8
458 8
667 8
353 8
838 8
1000 8
1 8
2 8
3 8
47 8
567 9
169 9
791 9
152 9
353 9
607 9
336 9
466 9
132 9
225 9
1000 9
1 9
2 9
3 9
47 9
79 10
825 10
972 10
560 10
759 10
925 10
211 10
944 10
724 10
754 10
1000 10
1 10
2 10
3 10
47 10
193 11
230 11
126 11
880 11
419 11
690 11
110 11
530 11
173 11
463 11
1000 11
1 11
2 11
3 11
47 11
39 12
235 12
565 12
77 12
279 12
230 12
837 12
180 12
609 12
6 12
1000 12
1 12
2 12
3 12
47 12
420 13
95 13
817 13
891 13
775 13
615 13
835 13
814 13
704 13
51 13
1000 13
1 13
2 13
3 13
47 13
643 14
451 14
454 14
198 14
229 14
763 14
191 14
474 14
450 14
342 14
1000 14
1 14
2 14
3 14
47 14
797 15
580 15
127 15
217 15
134 15
294 15
190 15
720 15
484 15
850 15
1000 15
1 15
2 15
3 15
47 15
408 16
821 16
212 16
369 16
18 16
47 16
117 16
650 16
187 16
933 16
1000 16
1 16
2 16
3 16
47 16
558 17
41 17
68 17
981 17
461 17
927 17
145 17
347 17
525 17
375 17
1000 17
1 17
2 17
3 17
47 17
486 18
612 18
841 18
835 18
219 18
391 18
330 18
37 18
966 18
401 18
1000 18
1 18
2 18
3 18
47 18
40 19
215 19
744 19
479 19
308 19
856 19
778 19
78 19
80 19
768 19
1000 19
1 19
2 19
3 19
47 19
