5 5
6 5 5 6 5
8 6 6 6 7
5 5
5 7 7 8 5
8 5 6 8 6
8 6
8 8 5 7 6 5 6 7
5 5 6 8 5 8
7 8
8 6 5 8 8 6 5
7 7 8 7 8 7 5 8
5 6
5 8 5 5 8
7 5 7 8 8 6
8 6
7 6 7 6 7 8 5 8
7 5 7 8 7 5
6 6
5 5 8 6 5 6
6 6 8 5 8 6
8 8
8 7 8 6 7 7 5 7
8 8 6 6 6 7 8 6
8 7
5 6 7 6 5 8 8 6
6 5 7 8 8 7 7
5 8
7 7 6 7 7
8 6 5 6 8 6 6 7
20 15
10 9 10 9 10 10 9 8 9 10 9 9 8 8 8 10 9 10 10 10
10 14 10 12 14 12 9 9 10 9 14 11 9 9 14
20 15
8 10 9 8 8 8 10 8 8 10 9 9 9 8 9 9 9 9 8 10
9 12 9 11 12 13 9 13 12 14 14 14 14 9 10
20 15
10 8 8 8 8 8 8 8 9 9 8 9 8 10 9 10 8 8 10 10
12 9 12 12 10 12 12 13 12 14 13 11 13 11 14
20 15
10 10 10 10 8 10 9 8 10 10 8 10 10 8 8 9 9 10 8 10
11 13 13 12 9 9 12 13 11 14 14 9 14 14 14
20 15
9 8 10 8 8 10 10 10 10 8 9 8 10 9 10 10 8 8 9 9
10 13 13 14 11 10 14 12 13 10 12 9 11 12 11
20 15
8 9 8 8 8 10 10 9 10 10 8 10 10 9 10 10 10 9 9 10
11 13 14 12 10 11 10 13 11 14 12 9 13 13 12
20 15
8 8 8 10 9 8 10 10 8 9 8 10 8 10 8 8 9 8 10 9
9 12 13 14 9 9 12 10 13 13 13 13 11 10 9
20 15
9 9 9 10 9 10 9 10 10 8 10 8 9 9 8 10 10 10 9 10
14 13 9 10 10 13 12 12 13 11 9 12 14 14 13
20 15
8 8 8 9 8 9 10 8 10 10 10 8 9 9 10 10 8 10 10 8
13 10 14 13 11 10 14 14 10 10 12 9 9 14 10
20 15
8 8 8 10 10 9 10 8 9 8 8 8 10 8 10 9 10 10 8 9
13 10 9 14 14 10 9 13 12 12 11 12 12 9 14
20 15
8 8 8 10 8 9 8 9 10 9 9 8 8 8 10 8 8 9 8 9
13 14 12 11 10 9 9 13 10 10 13 14 12 9 13
20 15
9 9 8 8 8 9 10 9 10 9 10 9 8 8 9 8 8 8 8 9
12 14 11 14 10 12 10 9 13 13 13 14 10 13 14
20 15
9 10 8 9 10 10 10 10 9 8 10 8 9 10 8 8 8 8 9 10
14 9 14 11 12 14 13 13 13 13 11 11 10 13 12
20 15
10 10 9 8 10 8 10 9 10 10 10 10 10 10 10 8 8 9 9 10
11 13 9 13 13 9 12 9 10 11 10 13 9 13 14
20 15
9 10 8 8 8 10 10 8 9 10 10 8 8 8 8 10 9 8 9 8
9 12 11 9 9 11 13 11 13 13 13 11 14 12 13
20 15
8 9 9 10 9 9 8 9 9 8 8 9 10 10 9 8 10 9 9 8
12 10 11 10 12 12 13 14 10 11 9 12 11 10 14
20 15
10 10 8 9 9 10 10 8 8 10 8 9 10 9 8 9 10 8 9 10
13 10 13 12 14 12 13 12 12 11 12 11 10 14 13
20 15
10 8 8 8 9 10 10 8 8 8 10 8 8 10 8 8 8 8 10 8
12 14 12 13 10 9 10 11 11 9 12 13 10 13 12
20 15
9 8 8 9 10 9 9 8 9 8 10 10 10 9 8 9 9 9 8 10
13 14 9 9 11 11 14 11 10 10 9 12 13 12 14
20 15
10 10 9 10 9 10 10 9 9 9 9 10 10 10 9 8 10 8 9 9
9 9 11 12 14 12 11 11 13 11 9 10 10 12 11
11 10
11 10 11 11 10 10 11 11 11 10 11
11 10 11 10 10 11 10 11 10 10
11 10
10 10 11 11 11 10 11 10 11 10 11
11 10 11 11 11 11 11 10 10 11
11 11
11 10 10 11 11 10 11 10 11 10 11
11 10 11 10 11 10 10 11 11 11 11
10 10
11 11 11 11 11 11 10 11 10 11
11 10 10 10 11 10 10 11 10 11
10 11
11 10 11 10 10 10 10 10 11 11
10 10 11 10 11 11 11 11 10 10 10
10 11
11 10 11 10 11 10 11 10 10 11
10 10 11 11 11 10 10 11 10 11 10
10 10
10 10 11 10 11 11 11 10 11 11
11 11 11 11 11 10 11 11 10 10
11 11
11 10 10 10 11 10 11 10 10 11 11
10 11 10 11 11 11 11 10 10 10 11
10 10
11 10 10 11 11 10 11 11 10 10
11 10 11 11 11 10 11 11 11 11
11 11
11 11 10 10 11 10 10 11 11 11 10
11 11 10 10 10 11 10 11 10 10 11
14 14
10 11 12 11 13 11 10 14 11 14 12 10 13 10
13 13 12 13 13 13 13 12 13 13 14 12 13 10
10 14
11 11 11 13 10 10 11 12 10 13
13 10 14 11 10 14 11 13 10 13 10 12 11 12
10 10
12 13 10 12 10 13 11 13 11 11
10 11 11 10 12 13 12 13 10 13
14 11
10 14 13 14 10 10 14 13 14 13 14 10 14 11
14 11 10 13 12 14 13 14 12 10 14
10 11
12 12 12 12 12 14 14 11 13 13
10 10 13 12 10 12 14 11 12 14 12
10 13
14 10 14 11 14 14 10 12 10 10
13 14 12 12 11 12 12 12 13 10 14 11 11
14 12
11 12 10 11 12 14 13 13 14 11 11 11 10 13
10 14 10 14 14 11 12 12 11 12 13 13
13 12
10 13 11 12 12 14 13 12 12 12 10 10 11
14 12 14 13 10 10 13 13 12 13 11 12
11 12
10 10 14 11 11 10 14 13 13 13 14
14 10 13 11 14 10 10 10 13 10 14 14
14 12
10 14 14 13 13 11 13 13 12 11 13 12 11 13
12 12 11 13 13 13 13 14 12 13 11 10
13 14
14 11 13 11 11 11 12 10 12 14 10 14 14
10 11 13 10 12 12 11 11 10 12 11 12 11 11
14 14
14 12 13 13 14 12 11 14 13 14 12 13 14 11
14 11 10 13 13 14 12 14 13 11 14 14 10 14
13 10
10 12 11 13 11 10 13 10 14 10 13 12 10
14 14 11 12 13 10 10 11 11 13
10 14
13 14 12 13 13 13 12 11 12 11
13 11 13 14 14 11 12 11 11 10 10 13 12 12
11 13
10 10 12 11 14 10 12 13 11 11 12
11 12 12 12 10 10 11 12 13 11 10 13 14
14 14
13 14 10 11 12 12 12 14 14 13 10 13 12 13
10 13 12 11 12 14 14 13 13 10 12 11 14 14
13 10
14 14 10 11 12 13 12 10 10 11 10 14 12
14 11 12 13 11 12 13 11 14 10
14 10
11 10 10 11 14 14 13 10 12 14 14 13 11 13
13 11 12 11 13 12 10 11 11 13
12 10
10 13 13 14 13 12 14 14 11 13 12 11
12 14 10 13 12 10 13 14 10 11
12 12
14 10 14 13 13 11 14 13 14 14 10 10
12 14 14 14 14 12 11 13 14 12 11 12
22 22
24 21 24 23 21 24 24 21 23 24 21 23 22 23 23 20 22 24 23 24 23 23
23 22 20 24 21 22 20 22 22 23 23 23 20 22 20 21 20 21 24 23 21 21
20 22
20 23 20 23 23 20 23 23 20 21 20 20 21 20 22 22 20 22 20 20
21 22 22 21 21 23 23 21 20 24 20 20 21 20 23 22 22 24 21 21 22 20
20 21
22 20 23 23 24 20 22 20 22 23 20 22 24 21 23 20 23 24 22 24
20 20 22 20 20 24 23 22 23 20 21 24 20 22 23 21 23 20 24 23 21
23 24
21 20 23 23 23 20 20 22 22 23 23 22 23 22 24 24 24 24 22 20 24 21 23
21 22 24 20 23 21 20 21 22 23 20 23 22 21 22 24 21 21 24 20 23 24 20 21
24 23
22 20 24 24 20 21 20 22 24 20 23 24 21 20 23 24 23 22 22 24 22 23 23 22
21 20 24 21 23 24 20 20 21 23 20 24 22 22 24 24 22 24 24 20 20 20 21
22 24
24 20 20 21 23 20 20 23 20 24 20 23 24 23 21 23 20 24 24 24 23 20
22 24 24 23 20 21 23 23 24 22 22 24 22 21 24 22 20 22 23 24 24 22 20 21
24 23
20 20 20 22 21 20 24 24 22 24 22 20 21 21 24 24 24 24 21 20 21 24 20 22
22 23 20 20 20 20 21 21 21 24 20 21 22 20 22 24 20 24 22 24 22 24 21
21 24
20 20 21 20 24 21 24 22 22 23 22 24 22 21 23 22 22 20 21 20 23
21 23 24 23 24 21 24 24 20 24 24 24 22 20 23 21 23 22 20 23 23 20 24 21
24 22
24 22 24 21 21 23 21 21 22 21 21 22 21 24 21 21 20 24 21 22 23 21 23 22
22 20 20 21 24 20 20 23 21 22 23 20 22 24 23 21 21 21 21 22 24 21
23 21
23 20 23 22 23 22 21 21 22 22 24 21 20 22 20 21 23 24 22 24 20 21 24
20 21 22 20 24 22 21 23 22 20 23 22 24 22 24 24 21 24 22 23 24
20 21
22 24 21 20 21 23 23 23 23 20 20 24 22 22 22 24 21 21 22 22
23 24 22 20 20 20 20 20 22 20 23 20 21 23 24 20 23 21 20 20 22
23 24
21 23 23 22 23 21 23 21 22 21 20 22 22 20 22 20 21 22 21 23 22 23 22
21 22 23 24 23 20 21 21 20 23 23 24 20 23 21 21 23 22 23 24 20 22 20 23
22 21
20 24 22 20 22 20 21 22 24 23 20 20 20 23 20 23 22 24 21 22 23 21
21 21 21 21 20 23 23 21 20 21 20 24 23 20 20 24 23 21 23 22 23
24 23
20 20 21 21 22 22 21 21 24 24 21 23 23 20 20 24 22 21 21 22 24 22 20 20
24 23 21 24 23 23 24 23 20 20 20 20 22 22 22 24 20 22 22 22 23 20 22
20 22
23 20 20 21 20 21 23 22 21 24 23 23 20 20 22 24 21 22 20 23
21 22 21 23 21 20 22 23 24 22 20 23 21 21 22 23 24 24 24 24 20 22
22 23
24 24 23 22 20 21 22 23 21 22 23 22 22 20 22 23 21 21 20 21 24 23
24 20 24 23 20 20 20 23 21 23 24 24 22 22 21 24 22 21 23 24 21 22 21
24 21
23 20 21 21 24 21 23 23 23 21 20 21 24 21 22 24 20 24 23 24 20 22 24 23
21 21 24 24 24 22 20 24 21 21 22 23 20 20 23 21 23 24 21 21 24
23 23
23 21 20 23 24 23 23 20 22 20 22 22 21 24 24 22 20 21 24 24 22 24 24
24 23 23 21 24 23 24 21 23 22 24 22 22 24 23 23 22 23 21 24 21 21 21
23 22
22 21 21 23 23 22 22 22 22 20 21 24 24 21 22 22 23 23 23 23 22 20 23
20 24 22 23 22 24 22 22 23 23 24 21 20 20 21 20 24 23 21 21 22 23
24 23
23 21 23 21 23 21 22 20 20 24 20 22 20 24 20 20 21 22 22 22 23 23 23 21
20 24 22 23 23 24 23 24 23 23 20 24 22 20 21 24 21 21 20 23 22 21 20
55 55
56 52 69 50 63 60 66 63 55 53 62 60 66 53 68 62 53 64 56 67 64 53 61 58 56 60 66 52 66 61 55 57 58 64 66 50 54 58 51 55 64 50 55 64 59 55 52 60 69 53 53 67 52 55 59
57 54 68 57 69 54 52 56 66 61 69 62 63 61 53 68 62 59 59 69 60 67 57 52 59 60 52 65 63 61 66 57 65 55 67 64 53 55 55 50 67 51 50 68 69 53 50 55 59 60 61 67 51 57 59
50 65
63 54 51 57 66 50 65 52 65 68 67 57 68 61 66 57 57 60 52 60 69 64 51 61 54 51 53 56 62 52 62 60 50 54 68 68 64 56 69 57 54 64 58 67 52 59 63 58 51 51
51 69 63 60 61 58 58 67 59 53 50 60 54 54 61 54 67 52 67 64 56 63 68 54 54 56 62 64 53 64 53 66 52 62 61 66 59 61 56 69 54 57 65 52 64 61 56 62 60 65 59 50 63 52 68 51 54 65 59 69 61 53 63 66 68
53 56
65 64 50 64 51 57 56 62 56 60 55 54 51 68 51 51 60 57 51 53 58 58 68 59 66 58 51 52 50 57 52 60 69 57 61 53 54 53 62 59 64 60 54 61 61 65 54 52 53 58 56 65 60
59 51 54 62 60 69 61 55 69 65 65 68 65 66 61 52 53 55 62 50 66 57 63 67 62 50 63 59 58 67 62 57 56 60 60 62 68 59 62 52 51 50 51 55 60 65 62 69 69 55 68 53 69 60 53 69
64 63
58 54 66 60 65 60 69 53 68 69 68 61 55 66 56 61 61 57 66 54 61 69 57 59 65 67 66 55 67 53 57 65 61 64 69 60 54 69 67 61 59 56 51 63 56 53 59 69 68 60 64 53 66 59 50 53 69 68 64 54 60 64 56 61
50 66 68 57 53 65 68 56 53 54 50 57 64 60 64 66 52 56 61 63 53 59 55 62 51 69 55 65 61 69 61 69 59 55 57 60 62 64 51 69 50 64 67 63 53 60 64 51 61 50 62 66 57 66 68 67 64 54 63 68 51 50 61
54 66
68 54 69 52 66 65 66 62 69 65 57 57 64 62 50 55 54 69 67 67 68 58 58 52 62 53 63 64 67 63 61 53 56 59 57 64 53 64 66 57 62 57 63 57 69 62 58 69 59 68 55 68 68 64
57 51 58 56 50 60 65 51 56 69 57 55 58 54 64 55 53 50 67 65 61 68 62 52 64 56 54 55 52 50 67 66 58 61 50 65 57 57 56 50 65 69 59 65 58 50 61 59 60 50 67 67 68 56 56 65 54 52 50 56 52 69 60 65 55 50
56 54
69 58 67 67 59 55 55 52 56 60 56 54 61 53 51 51 54 63 58 56 57 61 64 69 62 63 68 68 67 69 67 61 56 66 67 50 57 57 65 53 59 63 59 58 57 67 50 59 68 62 69 69 57 59 55 65
65 62 58 63 57 59 69 50 56 58 67 68 65 60 52 54 57 57 51 59 64 67 53 65 51 53 65 65 58 57 68 53 55 63 55 59 51 68 67 67 55 58 52 51 54 64 69 63 53 52 63 68 67 67
51 69
50 68 53 59 53 57 51 64 51 58 55 59 68 68 56 58 59 61 58 54 52 65 67 58 51 64 56 65 64 69 57 57 64 63 50 64 68 69 67 62 53 63 61 55 52 62 53 55 58 53 60
54 51 66 51 69 55 67 65 50 61 66 51 67 63 65 59 66 53 54 69 52 65 50 65 59 55 68 69 52 66 60 54 69 67 61 68 67 65 68 64 60 52 54 56 62 66 67 65 51 54 56 68 56 63 58 65 68 57 60 69 55 66 51 61 62 52 64 51 65
53 58
69 58 55 64 61 63 60 69 59 51 57 62 53 61 63 68 66 57 50 67 52 63 58 58 57 50 66 68 68 57 55 66 61 56 69 54 53 69 55 67 66 68 69 62 55 68 53 60 63 51 51 57 51
53 54 61 69 59 58 61 58 65 67 68 52 66 61 58 68 56 58 57 66 68 50 50 63 59 61 66 62 60 62 65 66 52 66 68 50 59 54 66 54 57 57 68 65 65 57 61 68 69 61 58 66 62 59 63 60 57 52
58 55
54 52 61 52 60 66 54 51 66 67 69 67 60 66 53 65 68 56 67 55 62 68 68 59 63 50 53 59 54 56 63 67 53 54 63 50 53 54 60 57 66 62 56 58 58 52 61 63 60 66 55 57 66 67 61 52 58 58
67 52 59 58 59 66 55 50 68 67 60 54 50 60 57 53 52 54 55 60 58 52 60 51 59 63 54 51 62 62 51 63 63 58 59 63 64 67 58 50 56 68 64 66 68 55 55 54 65 68 52 55 53 60 68
51 57
61 68 62 54 56 62 69 59 54 54 61 63 67 50 52 67 56 66 51 58 54 58 55 50 52 64 51 50 58 60 62 54 50 59 61 59 67 60 60 68 51 61 58 68 57 61 66 68 60 52 59
51 59 60 66 65 65 59 54 61 62 53 68 58 55 59 57 55 62 64 69 66 62 67 69 50 62 65 63 61 59 56 55 68 59 69 54 68 59 50 67 53 53 66 50 57 59 69 64 63 54 55 54 57 62 60 69 66
61 69
58 68 58 58 64 57 69 67 54 56 56 68 65 63 67 56 54 59 59 52 52 63 67 67 60 56 52 57 60 69 59 62 65 54 57 60 52 50 59 52 52 69 61 53 66 63 67 61 53 59 58 56 67 55 60 50 64 68 64 69 61
53 56 55 59 63 67 68 57 55 53 63 51 51 65 53 69 69 50 55 56 50 57 54 67 67 54 52 60 62 53 68 64 50 67 64 52 54 65 66 50 63 60 53 67 53 62 53 54 53 68 50 69 56 60 57 51 54 60 67 54 51 64 62 61 58 65 66 68 53
62 60
62 56 68 53 52 65 56 64 61 54 55 56 58 69 54 61 62 65 55 53 60 62 68 68 68 59 65 59 63 66 55 68 63 56 68 63 54 65 56 67 54 54 54 63 69 69 51 54 50 60 50 66 56 54 58 53 53 51 64 61 57 50
52 57 52 64 56 63 66 50 66 53 69 59 63 59 68 63 69 61 62 55 50 56 57 54 53 66 60 60 57 68 67 53 56 68 53 52 58 66 50 56 65 54 50 54 55 58 62 52 65 62 54 50 51 53 62 55 66 57 53 59
69 55
55 50 51 64 62 63 59 55 63 58 57 66 58 51 57 62 55 56 58 67 62 56 68 60 53 61 56 69 53 55 51 54 50 63 54 61 51 58 58 54 69 58 64 62 59 65 58 54 55 67 62 66 62 67 54 50 53 68 68 51 50 58 60 53 61 66 57 67 68
62 53 52 57 58 56 69 58 66 65 51 62 65 61 62 54 57 56 62 54 52 62 61 69 62 56 57 50 60 51 67 57 65 68 52 57 67 69 67 64 60 55 68 68 61 52 67 50 59 63 56 64 64 61 58
59 64
50 57 67 53 69 52 62 63 68 62 51 57 56 61 55 52 51 53 65 57 63 66 59 56 66 56 67 54 54 62 62 52 51 65 54 57 66 63 56 62 61 51 62 51 60 62 53 54 50 62 69 63 53 62 59 62 58 59 63
68 52 62 64 66 58 58 61 55 67 54 69 53 58 54 61 51 50 54 68 69 64 52 64 64 66 68 59 51 66 64 52 58 64 69 59 61 60 63 63 65 56 55 59 59 68 55 66 59 54 54 66 51 56 62 58 59 68 54 52 60 51 60 67
54 65
59 53 59 53 52 55 69 64 58 64 69 58 63 56 64 59 57 62 62 67 57 51 54 65 54 52 61 69 57 58 59 60 68 69 54 52 69 59 64 63 61 66 67 57 69 59 66 66 59 64 59 60 59 64
59 57 68 61 62 55 57 62 56 61 69 63 59 65 63 58 58 63 58 59 56 68 57 63 53 62 52 67 54 60 50 67 51 69 62 69 67 58 56 56 54 67 57 59 62 65 61 64 50 65 52 69 54 60 63 64 61 52 65 65 63 50 50 66 50
68 54
62 51 61 60 66 69 55 65 69 62 64 68 61 54 64 60 51 67 65 56 62 61 56 50 57 57 67 61 55 64 64 67 63 63 69 63 62 57 64 64 69 61 65 59 57 52 69 53 60 60 66 51 57 62 65 57 59 58 67 65 52 53 66 62 56 67 53 69
67 65 51 54 55 69 61 62 56 65 59 51 62 61 68 53 61 52 55 52 64 64 65 65 64 56 68 58 61 51 66 60 60 59 51 63 67 55 51 65 51 65 68 63 52 66 50 56 54 63 67 54 50 56
69 50
50 63 58 51 58 63 68 62 67 69 69 56 61 51 56 57 60 63 68 52 66 55 53 54 56 66 65 55 62 69 61 59 56 64 52 57 55 66 62 62 67 60 60 64 53 68 52 53 56 65 57 66 56 51 68 63 52 59 56 52 60 69 62 56 61 51 52 57 56
66 65 57 52 52 58 52 52 60 58 61 64 53 56 53 50 55 52 66 68 52 57 68 69 62 59 58 53 62 61 54 65 53 64 66 62 52 52 62 52 65 50 54 58 52 67 66 52 55 53
63 66
58 52 55 67 58 50 51 56 52 65 65 50 60 68 57 61 62 64 56 63 68 57 59 68 62 50 68 67 59 50 54 56 61 51 54 52 51 55 50 58 68 52 65 63 62 64 66 57 68 58 58 67 69 51 60 68 51 69 55 57 67 55 68
60 57 69 64 66 69 67 56 67 67 52 58 57 53 65 58 54 51 69 66 58 64 56 62 64 50 67 52 59 58 66 51 57 53 56 69 59 62 50 59 67 57 66 56 58 59 58 64 60 59 58 54 54 65 54 56 63 57 68 66 66 69 56 54 54 66
57 54
69 69 55 66 51 62 65 68 63 61 64 53 68 64 61 58 57 55 60 50 68 66 53 58 64 52 68 58 57 56 63 50 66 65 54 61 69 53 58 53 61 59 59 51 68 53 65 52 54 67 52 61 57 62 66 62 55
67 63 61 61 59 51 57 53 63 69 61 50 68 64 63 58 61 62 68 61 52 54 50 65 57 62 64 57 60 66 64 53 66 64 54 58 63 52 52 62 59 50 53 51 65 61 63 52 51 54 60 68 67 57
63 62
69 59 51 52 58 50 55 64 56 61 66 56 60 67 50 53 52 53 69 58 61 61 64 62 68 54 53 59 51 54 52 69 66 51 50 54 50 61 64 63 51 62 52 55 53 59 63 54 56 59 54 65 56 53 62 52 61 63 53 60 55 68 52
50 66 65 54 55 58 52 58 57 61 69 68 67 55 65 51 53 69 59 63 51 69 53 65 69 66 68 68 69 53 52 67 53 51 50 54 55 60 54 53 56 59 63 58 60 66 69 55 62 60 58 64 51 62 52 58 63 63 54 60 52 55
84 81
74 73 87 75 82 79 75 86 77 73 85 70 89 80 82 76 86 86 88 85 71 88 70 80 72 71 89 88 73 80 72 87 85 78 74 80 83 71 71 82 73 86 88 78 74 75 87 71 70 83 71 88 83 85 75 74 87 85 73 70 79 88 77 85 85 85 78 70 85 87 73 80 81 78 87 89 75 86 85 73 76 85 86 87
89 81 71 81 80 75 88 71 80 78 89 82 82 78 88 89 77 82 80 87 75 71 89 74 76 79 74 76 85 87 83 76 81 85 89 83 85 77 78 75 82 72 77 79 83 73 74 85 74 88 78 77 75 76 70 74 88 82 88 74 84 78 85 73 86 84 85 74 83 75 88 73 71 76 70 84 84 83 73 77 85
86 86
72 78 86 81 77 71 89 81 84 78 80 72 87 77 70 86 79 76 74 72 71 75 70 87 81 87 87 86 86 86 74 72 77 88 80 84 87 79 74 83 89 78 76 84 77 85 88 70 78 84 73 87 79 71 88 79 86 73 73 71 76 80 79 71 87 88 86 82 71 77 73 85 75 86 83 77 81 83 76 80 71 75 72 74 70 70
88 80 74 89 78 86 75 72 82 85 84 70 76 79 83 88 88 86 80 86 72 79 77 83 73 84 81 76 80 80 72 82 73 73 82 88 73 81 87 81 77 81 79 72 79 83 85 85 85 80 81 72 71 70 74 84 84 78 81 83 76 80 76 84 76 77 86 85 82 86 80 76 75 71 79 71 70 79 86 87 71 82 82 77 80 74
76 70
71 86 80 85 76 76 88 70 76 86 74 78 82 84 81 80 89 80 77 78 82 77 74 72 75 76 71 72 84 71 75 78 89 84 79 86 89 75 82 72 77 83 74 71 80 70 87 78 77 70 85 75 78 78 85 88 84 82 75 86 86 70 79 88 74 89 89 89 74 88 87 81 76 76 81 73
72 78 78 77 81 78 82 86 74 74 86 77 70 88 84 74 78 73 83 79 83 83 77 87 83 81 83 70 83 89 72 84 71 75 70 78 85 72 70 72 70 70 86 76 85 82 72 78 77 73 80 84 71 75 74 71 84 85 78 87 73 75 80 71 75 73 83 85 71 81
71 89
79 72 85 79 78 72 80 78 74 75 70 70 83 70 73 86 86 80 79 83 79 80 78 83 87 80 84 85 81 79 70 84 76 74 83 86 88 78 76 83 89 73 77 78 73 78 78 72 88 74 83 70 71 81 89 83 76 88 83 83 87 84 75 70 89 79 84 81 88 77 79
77 87 89 89 72 75 81 77 84 75 83 74 86 72 78 88 72 72 89 70 86 71 82 82 82 79 82 84 87 80 83 79 75 87 78 81 71 72 70 70 74 77 80 84 76 82 88 78 78 82 83 81 83 83 87 74 81 88 89 86 76 86 77 82 82 77 83 75 80 81 76 72 79 81 87 85 71 70 77 76 80 78 83 74 70 71 70 73 82
75 83
75 73 86 80 81 89 74 86 73 82 89 81 85 75 80 77 89 84 87 75 74 86 77 87 80 86 89 87 85 74 85 76 79 78 70 70 76 81 81 82 88 82 88 76 87 77 72 79 79 70 73 88 80 82 86 76 78 83 83 89 71 89 76 75 70 82 88 85 87 85 70 75 83 83 75
85 87 82 72 87 80 79 85 82 78 73 73 71 81 70 80 86 87 74 87 70 87 82 80 76 85 86 89 81 72 74 85 84 72 81 84 71 76 83 70 76 75 86 83 86 77 79 73 85 88 78 79 80 76 89 76 70 80 80 75 84 89 78 78 85 88 79 81 81 87 83 80 89 84 74 71 83 74 81 77 78 80 80
83 78
83 80 70 85 74 86 75 88 88 84 78 72 89 88 70 71 73 79 79 83 77 88 89 81 75 81 76 73 77 73 79 82 73 74 81 72 80 73 82 89 82 72 82 81 88 87 71 71 73 78 72 89 86 74 74 75 70 86 70 87 84 76 87 77 78 80 82 71 85 76 83 88 78 89 77 88 77 77 76 87 76 81 71
83 83 76 73 75 77 89 84 82 89 82 72 83 89 70 72 82 79 72 78 71 83 72 88 89 76 77 70 78 86 79 86 89 79 83 74 72 81 70 85 75 76 74 89 85 72 83 79 85 88 72 75 75 88 88 81 84 77 84 73 88 79 85 83 75 87 87 86 70 82 84 85 74 84 77 70 89 89
76 71
88 70 73 87 89 83 70 74 78 71 77 83 81 79 87 89 81 84 71 79 89 79 79 81 88 78 79 76 80 81 76 73 75 75 79 85 79 70 73 79 89 79 73 86 85 85 76 76 79 87 88 76 77 82 80 84 87 86 75 82 79 76 88 76 83 87 77 77 79 89 74 82 83 85 83 77
76 71 88 85 86 75 89 78 82 85 87 70 89 76 82 84 89 74 79 89 70 80 71 76 79 74 89 77 74 73 76 77 74 87 88 87 72 71 75 71 80 81 79 80 88 76 87 79 73 74 70 70 89 88 83 89 89 84 73 76 84 75 84 76 79 74 80 75 86 86 74
86 71
82 73 89 70 74 83 74 73 86 88 77 77 89 86 88 80 74 86 85 76 82 70 72 87 75 79 75 89 89 85 71 80 72 89 85 74 77 85 89 72 88 82 70 72 73 75 85 80 85 77 82 85 79 83 81 79 88 78 81 87 72 76 79 85 86 82 73 84 74 78 81 82 85 88 71 88 77 71 77 88 81 86 70 81 82 86
73 81 87 77 81 74 71 85 77 87 74 76 88 87 77 78 72 74 73 89 70 87 84 73 76 86 86 80 74 87 83 88 82 79 74 87 73 85 74 85 85 87 86 88 70 89 82 88 89 82 75 82 74 75 76 87 76 85 83 84 73 79 78 88 76 75 75 88 83 79 84
83 80
75 83 74 87 77 81 85 81 81 73 70 76 87 83 77 71 81 73 86 83 85 71 83 89 87 70 77 74 86 78 80 81 73 76 89 76 83 73 76 82 76 89 74 79 70 74 85 80 87 85 77 80 81 85 73 79 77 81 86 79 85 72 83 72 87 79 74 76 79 79 86 83 85 72 78 83 86 85 72 79 89 81 77
77 79 81 89 70 79 82 70 85 84 74 82 74 83 82 72 72 85 79 74 84 85 78 89 77 74 76 84 77 76 85 84 89 87 79 79 84 80 79 82 80 71 72 85 70 84 79 80 79 78 73 81 78 80 74 71 76 70 78 89 73 88 75 71 81 82 71 77 87 72 86 73 76 74 81 77 88 78 84 82
81 84
85 87 84 71 82 89 84 82 85 87 84 70 73 80 72 74 88 84 78 86 80 84 82 73 78 74 89 89 85 77 70 80 86 83 79 72 76 75 81 82 71 77 84 80 89 71 74 84 80 87 86 72 76 75 81 84 76 87 84 77 84 73 71 87 86 73 77 88 85 72 88 82 85 75 71 75 85 84 71 77 73
72 70 81 72 85 86 87 88 89 81 82 76 87 75 75 79 78 72 88 81 89 72 75 87 78 81 72 70 86 84 83 84 71 78 85 82 70 72 78 77 71 84 88 80 83 82 86 86 86 72 79 80 89 77 79 72 74 76 86 79 73 72 80 73 85 78 81 83 71 83 86 82 74 82 75 89 84 77 74 70 80 79 72 81
77 76
75 86 78 74 88 70 74 87 74 75 70 75 79 83 72 87 81 86 86 82 83 79 87 87 85 77 81 75 77 78 85 80 80 83 71 86 80 81 81 85 79 80 77 80 84 70 88 89 84 86 70 84 84 81 72 72 78 77 85 79 89 77 88 86 76 84 88 77 73 89 73 79 78 86 78 86 88
71 72 72 80 70 86 77 79 77 82 77 76 75 79 88 72 79 82 72 81 89 82 70 71 82 71 89 79 82 71 87 80 84 72 72 84 86 80 76 86 77 85 72 77 75 75 73 74 76 85 80 73 82 72 77 70 76 78 77 89 88 81 73 82 87 74 74 79 86 77 82 79 78 82 84 76
73 82
82 70 87 78 73 70 78 79 87 78 74 75 81 70 84 83 76 76 89 85 85 87 81 72 77 76 88 85 78 81 73 80 71 83 78 88 80 87 71 75 86 71 82 85 84 85 77 87 86 84 82 83 77 75 72 70 79 87 75 85 80 76 78 72 89 70 83 84 80 84 83 83 81
73 82 73 79 74 81 85 85 84 89 77 82 86 71 82 75 86 71 75 77 77 86 79 71 88 83 81 85 76 75 76 73 72 79 75 88 86 74 70 81 70 84 86 89 70 70 82 78 79 87 86 70 80 71 84 74 89 82 77 80 89 78 77 76 84 77 82 74 83 77 82 84 72 77 79 89 86 81 78 71 77 88
79 89
70 89 72 76 89 87 72 76 82 86 71 73 82 83 87 86 86 82 88 72 81 77 71 79 74 75 75 74 72 74 82 72 73 70 79 88 77 72 88 73 83 89 85 84 76 71 89 78 71 80 77 84 77 84 79 78 78 77 77 84 71 81 82 87 74 85 84 75 87 87 86 83 72 85 72 70 79 87 81
81 75 84 88 77 80 82 78 82 71 80 87 76 72 81 79 73 78 73 79 83 76 77 72 75 82 72 76 86 84 88 70 79 84 75 74 78 70 86 81 83 87 73 78 74 82 77 75 86 79 83 78 75 73 86 74 76 87 74 76 80 73 70 85 89 88 75 83 83 83 85 72 82 75 87 89 86 74 74 79 70 87 71 86 71 81 78 72 82
80 89
84 81 76 88 74 86 77 85 78 80 79 76 82 78 83 81 73 77 70 88 86 77 88 73 86 79 75 88 89 86 81 87 89 72 80 72 72 78 73 72 71 82 86 73 84 79 84 70 78 78 75 71 85 88 84 72 76 76 73 78 85 75 79 86 83 77 76 88 87 86 82 78 87 84 85 84 85 78 84 79
83 78 77 71 71 79 70 82 80 86 82 78 77 73 80 88 82 85 78 73 89 85 86 85 78 86 70 71 78 86 81 84 76 83 84 80 86 88 73 85 87 79 74 89 73 81 70 70 72 78 81 75 87 79 88 78 83 85 82 88 78 75 77 81 83 79 85 77 70 85 87 78 80 77 89 78 84 86 72 75 80 71 77 86 88 80 80 73 83
76 86
84 74 74 82 82 89 82 74 83 72 85 71 80 85 75 71 71 83 88 85 81 84 89 78 77 70 89 86 82 86 75 84 79 74 86 71 86 81 86 89 78 72 81 89 73 83 78 72 86 81 88 83 74 84 82 76 86 77 85 86 80 79 71 82 89 81 75 83 78 80 85 88 70 77 76 77
76 88 73 80 89 83 81 77 79 86 81 87 75 74 73 76 84 70 87 78 78 80 74 72 74 81 75 77 82 84 70 79 88 72 76 83 86 80 87 83 84 71 75 71 77 77 84 76 79 84 75 78 81 86 70 81 74 86 78 83 72 80 79 75 82 75 87 89 81 73 83 84 85 81 78 72 80 85 70 86 79 77 76 73 71 80
71 70
70 75 76 74 70 78 88 86 78 76 83 70 80 82 83 82 89 88 72 83 87 74 71 82 72 72 89 75 76 73 81 79 85 77 72 73 73 74 80 82 87 83 71 79 74 74 86 84 86 80 73 82 76 74 84 77 84 82 86 87 80 70 73 72 72 84 79 78 77 79 88
84 71 85 87 78 74 70 77 71 70 76 75 87 89 74 84 77 81 82 84 83 71 86 78 73 72 83 76 80 81 85 86 89 72 78 84 73 77 81 70 73 74 84 88 88 75 73 71 80 72 89 81 70 81 74 73 86 82 71 83 87 79 86 84 71 71 89 81 70 83
72 80
87 74 89 76 83 78 81 78 76 73 78 80 76 81 70 84 80 81 83 72 83 81 71 86 80 72 71 82 71 80 78 83 85 77 71 89 70 89 74 72 83 72 74 82 82 84 81 86 73 80 88 84 88 84 87 82 70 87 79 88 74 71 72 72 88 77 81 89 79 70 89 89
75 77 89 89 74 70 84 80 82 86 78 74 83 84 76 74 79 79 86 86 81 89 81 86 82 88 84 76 89 71 70 82 78 75 86 76 89 83 82 84 76 88 76 87 78 81 74 89 81 74 71 88 75 83 70 73 77 83 83 72 75 89 84 74 75 88 78 71 79 74 72 89 81 70 74 85 86 86 86 72
86 74
71 75 80 75 79 70 87 74 71 83 87 84 72 73 81 82 84 75 81 81 85 75 87 88 86 78 84 73 79 86 77 72 82 81 84 81 71 72 82 77 79 80 76 72 89 76 78 86 73 79 81 70 86 79 85 74 81 74 74 76 79 83 82 72 75 89 75 79 71 87 76 75 76 84 74 73 84 89 85 71 88 83 89 82 75 87
70 79 82 87 82 72 87 80 77 81 74 76 81 83 82 80 79 70 74 78 73 74 81 75 86 79 70 72 75 85 71 74 76 84 82 83 86 88 89 75 74 85 85 72 86 70 89 86 70 72 88 70 73 76 87 83 81 76 83 73 89 78 86 81 86 73 84 82 80 82 73 83 73 86
86 84
78 81 80 89 81 74 79 72 75 87 82 83 86 83 86 86 78 71 78 74 84 74 74 74 75 80 83 85 70 81 77 84 77 77 70 82 72 75 70 77 81 79 83 70 86 84 72 72 73 74 84 84 82 71 84 85 82 80 77 83 77 78 79 73 83 89 71 87 79 89 78 88 88 79 78 88 83 79 76 86 84 88 71 84 88 87
75 70 83 80 86 72 71 89 79 82 89 87 80 83 78 70 78 85 80 81 74 70 70 88 70 88 78 81 77 77 78 83 87 74 81 84 84 80 78 85 70 76 89 85 81 75 85 72 83 81 70 83 84 75 75 74 80 86 83 88 82 71 80 84 75 84 88 78 84 80 71 79 72 81 89 73 73 77 88 73 77 79 72 78
83 80
75 78 80 89 83 75 75 78 78 83 72 88 80 76 89 83 79 83 84 79 83 80 89 84 75 81 79 75 72 86 76 71 80 72 86 88 78 88 76 79 80 83 85 74 73 88 83 89 84 89 79 74 73 77 76 72 86 78 73 82 89 83 71 70 80 72 87 76 76 76 88 85 75 79 71 75 87 72 84 75 80 81 76
88 89 70 79 82 74 70 88 79 78 72 75 80 86 78 71 84 89 75 72 80 81 74 74 82 70 81 82 84 86 83 80 71 89 81 70 77 73 79 72 74 77 74 73 78 73 73 81 76 78 81 79 89 71 73 85 88 87 82 89 80 73 82 70 86 72 79 88 73 85 83 84 76 73 89 80 79 79 82 82
84 71
74 73 72 70 72 74 70 71 72 73 70 70 74 70 72 71 71 71 73 70 71 73 70 70 72 71 74 73 73 70 72 72 70 73 74 70 73 71 71 72 73 71 73 73 74 70 72 71 70 73 71 73 73 70 70 74 72 70 73 70 74 73 72 70 70 70 73 70 70 72 73 70 71 73 72 74 70 71 70 73 71 70 71 72
84 81 81 81 80 80 83 81 80 83 84 82 82 83 83 84 82 82 80 82 80 81 84 84 81 84 84 81 80 82 83 81 81 80 84 83 80 82 83 80 82 82 82 84 83 83 84 80 84 83 83 82 80 81 80 84 83 82 83 84 84 83 80 83 81 84 80 84 83 80 83
83 71
71 70 74 74 73 73 72 70 71 71 72 73 71 71 72 71 74 71 74 73 70 72 72 72 70 71 74 71 74 72 71 70 70 72 71 72 72 71 71 71 74 72 72 73 70 74 72 74 74 73 74 73 71 74 72 70 73 70 73 74 73 72 74 71 73 74 71 73 73 71 71 70 74 71 72 73 71 72 71 72 73 70 70
81 83 82 81 83 81 80 81 80 82 84 80 80 83 80 84 84 83 81 80 82 82 80 84 80 81 84 83 83 83 81 80 81 82 84 82 83 83 84 81 81 80 80 82 82 83 83 82 83 83 81 82 81 82 81 84 82 84 83 80 80 80 80 81 82 81 80 84 84 84 83
81 73
71 70 71 74 71 72 71 70 72 71 70 71 70 71 74 71 70 74 71 72 71 72 72 72 70 74 71 70 71 71 70 70 71 71 73 70 71 71 74 73 72 74 71 70 74 70 72 73 72 72 74 72 70 71 71 72 74 71 70 73 74 74 74 71 74 70 72 72 72 73 74 71 70 70 72 73 72 70 70 70 73
83 80 83 84 82 80 81 81 80 84 83 84 84 84 84 84 83 82 81 81 81 81 83 82 83 83 82 81 83 82 81 84 84 81 82 80 83 84 84 83 83 83 84 83 83 82 82 83 81 83 80 83 84 82 84 81 80 80 83 80 82 80 82 80 80 81 81 80 82 82 83 82 83
80 74
71 70 74 71 74 70 73 72 73 70 70 71 70 73 73 70 71 71 71 74 74 72 70 74 73 72 70 73 74 70 70 70 73 70 73 71 71 70 74 73 74 70 73 73 72 70 74 70 71 74 70 74 71 74 73 71 73 73 71 73 74 73 72 73 73 73 73 72 73 74 73 70 71 71 74 73 71 73 73 73
82 84 80 80 84 84 84 81 83 82 84 82 82 84 84 82 80 81 82 84 80 83 84 81 82 83 83 82 82 84 80 81 81 82 82 82 84 82 84 82 80 83 84 80 82 83 81 81 82 80 80 84 82 80 84 81 82 83 83 83 82 83 81 83 83 82 84 81 83 84 81 81 81 82
82 72
72 73 70 70 71 71 72 74 71 72 70 71 70 72 71 70 73 73 74 70 71 70 73 72 70 73 70 73 71 70 71 74 74 71 73 72 74 71 70 70 70 72 74 74 72 70 74 71 72 72 70 71 74 72 70 74 70 71 74 73 70 70 71 71 71 72 73 72 73 71 72 72 72 74 74 70 73 73 70 72 71 71
83 83 83 84 81 84 81 80 80 82 83 80 82 80 80 80 83 83 80 80 82 82 82 82 80 84 80 82 83 83 83 81 81 80 80 81 82 84 82 80 82 82 80 81 80 81 84 81 82 84 80 84 82 81 84 81 81 83 80 81 80 81 83 81 82 84 83 80 83 83 84 80
86 79
71 70 70 70 70 74 74 73 73 70 73 74 71 71 72 73 70 74 74 74 71 73 74 71 72 73 70 70 73 73 73 70 70 70 74 71 70 73 73 74 73 72 74 73 70 71 73 74 74 73 72 73 74 71 70 71 71 73 72 73 74 72 73 74 71 72 70 73 72 74 72 72 72 71 73 72 71 71 73 73 72 74 71 74 74 70
80 81 80 82 84 81 82 82 83 80 82 81 80 81 83 83 83 84 82 83 82 82 81 82 81 81 81 83 83 81 83 80 82 84 84 82 84 82 82 83 84 80 82 82 84 82 83 81 83 82 83 84 81 82 80 83 81 84 81 84 84 83 84 82 81 80 80 80 81 84 84 80 82 83 84 80 83 82 80
85 78
73 71 74 72 74 73 73 74 70 73 70 72 72 71 70 72 74 70 74 74 72 70 74 74 71 71 73 70 73 72 74 73 70 74 73 71 72 73 71 74 72 74 71 74 71 74 74 74 74 71 73 73 74 71 70 71 71 73 70 70 74 70 74 70 73 74 74 74 73 71 70 70 71 71 74 72 73 71 72 72 70 74 72 71 70
82 84 81 83 81 83 82 82 82 84 84 84 82 83 80 83 82 81 81 83 80 81 80 84 83 82 80 82 80 84 81 82 84 84 84 84 84 80 80 81 81 84 84 84 82 84 83 81 82 84 82 83 82 82 81 80 81 80 81 84 80 83 81 82 84 83 84 80 80 84 83 83 84 84 84 83 81 84
85 74
71 74 74 70 70 71 71 74 71 71 72 73 74 70 74 73 74 73 71 73 72 72 74 71 73 70 74 71 70 71 72 70 72 72 70 74 70 74 74 70 71 70 72 74 70 74 72 70 74 72 73 72 70 72 73 70 70 70 70 72 72 70 74 73 71 74 73 73 71 72 72 71 74 70 71 72 73 74 74 73 71 72 70 73 71
83 82 81 82 83 81 81 80 81 82 81 83 81 82 82 81 84 81 80 82 82 84 81 83 82 82 83 82 84 83 84 80 82 84 83 81 81 81 80 84 82 83 83 82 84 84 82 83 80 84 80 80 82 81 83 80 84 82 83 84 82 80 82 84 80 81 82 81 80 83 84 83 84 83
88 76
70 70 73 73 74 74 73 70 70 73 74 72 72 71 70 71 71 73 70 71 72 73 72 71 71 73 71 73 70 71 73 74 72 70 72 74 71 73 70 71 73 71 74 71 73 73 71 72 71 74 74 74 70 74 70 70 72 70 72 70 71 70 73 74 72 71 71 74 70 72 73 72 72 74 74 71 74 74 71 73 70 72 73 73 71 70 72 74
84 81 82 82 84 81 84 80 84 82 80 80 84 84 82 84 83 82 82 82 80 84 84 84 80 83 84 82 84 81 84 82 81 80 84 84 82 84 84 84 80 84 82 80 81 82 80 80 84 84 80 84 83 83 81 83 80 84 81 81 80 83 84 83 83 80 81 81 82 81 82 82 82 81 83 81
84 71
72 73 73 74 72 71 74 70 72 74 71 72 74 74 72 70 72 74 70 73 70 72 74 73 74 73 71 70 74 72 73 73 74 74 74 70 72 70 70 71 73 74 72 71 70 71 72 71 72 74 70 74 71 74 74 70 72 71 72 71 70 71 74 71 72 74 72 74 73 71 72 71 73 72 73 70 72 73 72 70 70 71 70 70
84 81 82 83 82 80 81 82 80 81 82 83 84 81 82 81 82 80 80 84 83 82 83 81 84 82 80 82 83 81 82 80 81 84 83 84 81 83 80 82 80 82 83 82 81 84 83 80 83 82 81 81 81 82 84 80 84 82 84 82 84 81 81 84 83 82 80 83 80 83 81
83 71
73 71 72 74 72 70 74 74 72 74 70 70 74 72 71 72 71 70 71 73 74 73 70 74 72 74 70 70 70 74 73 72 72 71 71 71 72 73 74 72 72 70 72 71 70 72 73 70 70 70 73 71 71 70 71 71 70 74 70 72 70 74 70 73 74 74 71 70 74 74 71 72 72 73 72 70 74 74 72 73 71 71 74
83 82 83 84 83 84 83 81 83 81 83 81 82 82 80 80 81 82 84 82 82 82 81 80 84 83 82 84 82 82 81 84 82 80 81 82 81 84 84 82 81 82 80 84 82 82 84 81 80 81 81 82 80 82 82 80 80 83 84 81 80 80 83 82 82 82 80 81 83 82 84
88 71
73 72 72 74 74 74 71 72 72 74 73 72 74 71 73 72 72 70 72 73 73 70 73 74 72 73 74 70 71 70 74 73 71 71 74 70 70 72 71 72 72 71 73 70 73 71 73 70 71 73 73 73 70 72 71 70 71 71 72 70 74 70 72 72 71 74 72 73 72 70 72 70 74 72 70 70 70 71 73 72 74 70 73 74 70 74 73 73
81 83 82 83 84 84 81 80 80 84 84 82 82 81 81 82 80 81 81 80 82 82 81 84 81 83 83 81 80 81 80 81 83 82 84 80 83 81 84 80 81 80 84 81 84 80 80 82 83 84 82 81 80 80 81 84 84 84 82 82 80 84 83 82 81 84 82 82 84 83 82
82 74
72 72 74 74 71 71 73 71 72 73 74 74 70 74 72 71 74 72 72 71 72 71 71 73 72 73 72 71 71 72 73 72 71 72 71 74 74 70 70 74 72 74 72 72 73 70 74 73 72 72 73 73 73 74 70 74 71 71 74 73 71 70 72 74 72 74 74 73 73 72 72 74 71 71 72 72 74 70 74 70 72 72
81 83 82 80 82 80 84 82 81 81 80 84 83 82 80 82 83 82 81 80 82 81 82 81 84 83 83 83 84 83 81 82 82 80 82 82 81 81 84 83 80 84 84 80 84 83 80 81 81 83 82 83 83 84 82 82 80 81 84 83 83 80 83 81 84 81 82 84 81 80 83 80 80 84
88 75
73 73 73 70 72 72 70 72 74 71 74 74 74 70 72 71 71 71 71 73 72 72 70 74 74 71 71 73 74 71 72 70 73 70 74 71 72 73 73 71 73 72 70 73 71 72 73 73 71 74 70 73 74 71 71 72 74 72 70 72 72 73 73 72 71 72 71 73 74 74 74 70 73 73 70 71 70 73 74 72 71 71 73 73 70 70 74 71
83 82 81 83 82 81 82 83 82 84 80 84 80 83 84 84 83 83 82 81 81 84 80 82 80 81 82 83 82 83 80 83 82 80 83 83 84 80 81 80 83 81 80 81 83 81 81 84 81 83 84 80 81 83 83 80 82 84 84 84 83 81 80 80 82 83 81 80 82 84 83 83 83 80 82
88 78
70 72 71 73 74 70 72 70 70 72 73 70 72 74 73 74 71 72 70 70 71 72 71 73 70 70 73 73 71 71 74 74 74 72 72 74 72 74 73 72 70 71 70 70 70 71 71 73 73 70 71 74 74 73 72 70 74 71 72 71 70 74 74 74 71 71 71 71 71 74 73 72 71 74 73 73 73 72 71 71 73 73 74 74 72 71 71 72
80 81 80 84 81 82 84 81 80 83 83 80 80 83 80 82 81 82 81 83 83 80 84 83 81 82 84 81 81 82 80 84 83 81 84 80 82 83 83 80 84 82 84 81 80 82 82 84 80 84 83 82 81 83 81 80 82 83 84 81 80 81 82 82 84 81 84 84 80 83 81 81 80 81 84 81 83 83
82 70
74 70 72 70 72 74 71 73 73 74 70 71 73 72 70 70 70 71 74 72 71 73 71 70 71 70 70 70 71 74 70 73 73 71 73 71 73 70 70 72 73 72 74 73 72 73 72 74 71 72 72 72 74 70 71 73 71 74 70 72 72 73 73 74 70 72 72 73 71 74 74 74 71 74 71 70 73 72 71 74 74 72
84 82 81 82 80 80 83 82 82 84 84 83 82 84 83 84 81 80 82 83 84 80 82 81 80 81 80 82 84 84 84 82 81 82 84 83 81 81 83 83 82 83 81 80 81 80 81 84 82 83 84 83 82 81 80 83 84 84 83 83 80 83 81 80 82 84 81 80 81 84
83 76
72 71 73 72 74 71 74 71 71 74 71 70 73 72 70 72 74 74 71 73 73 71 73 71 73 73 70 71 71 70 74 70 71 73 72 73 71 71 71 70 72 71 72 71 70 73 73 70 72 71 74 70 74 74 72 73 72 74 72 72 74 71 71 73 70 73 74 73 74 72 72 70 72 74 73 74 71 72 72 73 72 71 74
84 80 84 84 80 82 84 84 84 80 84 80 82 81 83 84 83 84 81 84 84 84 81 81 81 84 81 81 82 83 84 81 84 81 80 82 83 80 81 81 84 83 82 84 81 83 81 82 83 81 84 84 81 84 81 83 80 83 80 83 82 83 83 82 80 84 84 84 80 83 83 81 84 84 82 84
81 70
74 70 71 71 71 72 71 74 71 70 70 70 74 70 72 74 71 73 72 74 72 73 71 72 74 70 71 71 70 70 72 73 71 73 74 73 74 71 72 72 72 71 74 71 71 72 72 72 74 70 71 72 74 71 73 71 73 74 71 70 71 74 70 74 71 74 74 71 74 73 72 72 70 74 70 74 71 72 71 70 71
84 84 83 84 84 80 81 83 83 84 82 80 82 80 84 82 82 82 82 82 80 82 81 84 81 81 83 82 80 84 80 84 83 83 84 81 80 81 84 80 82 80 80 81 84 81 84 82 83 81 83 84 80 84 80 80 82 81 80 84 81 80 82 83 80 83 81 82 83 81
86 73
73 74 73 71 71 71 73 74 72 70 72 73 73 73 71 71 74 73 71 70 74 71 74 74 72 70 72 72 73 71 73 71 71 73 71 73 74 74 74 74 74 70 70 73 70 70 71 72 74 72 72 70 72 72 70 70 72 71 74 73 70 71 74 72 72 73 74 74 74 72 71 74 70 72 70 72 73 72 73 74 73 73 74 71 72 74
84 83 83 83 84 83 83 83 84 81 81 84 83 81 84 83 82 80 80 83 80 81 82 81 84 84 82 84 82 80 83 83 80 83 80 80 81 84 80 80 83 80 83 83 81 82 82 83 83 82 84 81 84 84 80 83 80 80 81 84 80 81 80 80 82 83 81 80 83 84 80 80 84
80 76
73 73 72 71 70 74 70 74 73 73 74 70 71 74 72 71 74 73 73 72 73 73 72 74 72 73 73 70 70 73 70 74 73 70 70 73 73 73 72 73 70 71 74 73 74 73 74 74 73 70 74 74 70 71 74 70 72 71 71 71 70 72 71 73 73 73 71 74 70 73 70 74 73 73 73 74 74 74 74 74
83 82 81 82 81 83 83 82 84 83 81 80 80 82 82 81 81 81 83 80 80 84 81 80 82 82 84 80 80 81 81 83 84 80 84 82 84 80 83 84 83 82 80 80 81 83 81 84 84 80 82 80 81 84 84 82 80 81 82 84 81 83 80 81 84 81 80 82 83 84 82 84 82 84 83 83
44 31
34 33 32 30 32 34 30 31 32 33 30 30 34 30 32 31 31 31 33 30 31 33 30 30 32 31 34 33 33 30 32 32 30 33 34 30 33 31 31 32 33 31 33 33
42 38 40 39 38 41 39 41 41 38 38 42 40 38 41 38 42 41 40 38 38 38 41 38 38 40 41 38 39 41 40
49 35
31 30 33 31 30 31 32 34 31 31 31 30 30 33 31 30 33 34 32 32 33 33 34 32 32 30 32 30 31 34 34 31 34 34 31 30 32 33 31 31 30 34 33 30 32 33 30 32 32
40 42 41 41 42 38 42 41 41 40 38 39 38 42 41 40 41 42 42 41 38 41 39 42 38 42 41 38 41 41 39 39 38 42 42
43 33
32 30 31 31 32 33 31 31 32 31 34 31 34 33 30 32 32 32 30 31 34 31 34 32 31 30 30 32 31 32 32 31 31 31 34 32 32 33 30 34 32 34 34
41 42 41 39 42 40 38 41 38 41 42 41 40 42 39 41 42 39 41 41 39 39 38 42 39 40 41 39 40 39 40 41 38
45 36
33 32 31 33 31 30 31 30 32 34 30 30 33 30 34 34 33 31 30 32 32 30 34 30 31 34 33 33 33 31 30 31 32 34 32 33 33 34 31 31 30 30 32 32 33
41 40 41 41 39 40 39 40 39 42 40 42 41 38 38 38 38 39 40 39 38 42 42 42 41 39 41 39 38 39 42 39 40 39 38 40
46 30
31 30 31 34 31 30 34 31 32 31 32 32 32 30 34 31 30 31 31 30 30 31 31 33 30 31 31 34 33 32 34 31 30 34 30 32 33 32 32 34 32 30 31 31 32 34
39 38 41 42 42 42 39 42 38 40 40 40 41 42 39 38 38 40 41 40 38 38 38 41 41 38 41 42 40 38
46 36
30 34 33 34 34 34 34 34 33 32 31 31 31 31 33 32 33 33 32 31 33 32 31 34 34 31 32 30 33 34 34 33 33 33 34 33 33 32 32 33 31 33 30 33 34 32
42 39 38 38 41 38 40 38 40 38 38 39 39 38 40 40 41 40 41 38 42 39 38 42 39 42 38 41 40 41 38 38 39 38 41 41
45 31
31 31 34 34 32 30 34 33 32 30 33 34 30 30 30 33 30 33 31 31 30 34 33 34 30 33 33 32 30 34 30 31 34 30 34 31 34 33 31 33 33 31 33 34 33
40 41 41 41 41 40 41 42 41 38 39 39 42 41 39 41 41 41 40 42 38 38 42 42 42 39 41 40 42 40 40
49 39
32 30 31 32 34 30 33 34 31 32 33 33 32 32 34 30 31 31 32 32 32 34 32 34 32 30 33 34 30 32 33 31 31 32 30 30 34 32 30 34 31 32 33 33 33 32 33 31 33
41 40 42 39 41 42 39 39 39 40 40 40 40 41 38 38 39 39 40 42 39 40 38 39 38 40 39 38 41 41 42 38 39 38 41 40 38 41 38
43 36
30 31 34 34 31 33 32 34 31 30 30 30 32 34 34 32 30 34 31 32 32 30 31 34 32 30 34 30 31 34 33 30 30 31 31 31 32 33 32 33 31 32 32
40 42 42 38 41 41 38 40 39 39 41 41 41 42 39 42 39 38 38 40 41 38 40 38 38 38 41 41 38 38 40 40 40 40 38 42
45 32
33 33 33 31 31 30 30 31 32 34 32 30 32 32 30 31 30 31 34 31 32 34 30 34 32 31 34 31 31 33 30 31 30 31 33 31 32 34 33 30 33 33 34 30 31
42 39 38 38 38 38 42 42 41 41 38 41 42 39 39 40 41 38 42 42 42 39 41 42 39 40 41 38 38 41 41 41
40 30
30 34 31 30 33 33 34 33 32 34 33 30 31 33 34 34 33 32 33 34 31 30 31 31 33 32 33 34 32 33 34 31 32 30 33 32 34 32 32 32
39 41 40 39 39 41 41 40 42 39 42 42 38 38 39 38 40 42 39 40 40 41 38 40 39 38 39 41 41 41
49 37
33 32 32 31 32 31 31 31 33 33 31 33 30 32 34 34 32 34 32 32 33 34 30 32 32 34 32 33 31 33 32 33 34 31 32 30 33 31 34 31 34 34 33 34 32 31 30 30 30
39 42 42 38 40 41 42 38 41 40 38 38 41 41 39 42 40 42 41 41 42 38 41 38 40 40 39 38 40 42 38 42 42 40 38 42 42
46 31
33 30 33 32 34 33 30 34 33 31 32 33 31 34 32 34 31 34 31 34 34 34 34 31 33 33 34 31 30 31 31 33 30 30 34 30 34 30 33 34 34 34 33 31 30 30
39 39 42 40 41 39 40 40 38 42 40 39 38 40 42 39 41 39 41 40 40 40 42 42 42 40 41 38 41 40 39
41 38
30 31 30 34 33 32 30 32 30 34 31 32 34 34 34 34 34 30 30 31 31 34 34 34 32 34 33 31 32 34 32 33 32 32 31 30 31 30 31 34 30
41 39 40 42 41 42 38 38 42 41 41 42 42 42 41 39 42 38 42 39 42 42 38 38 39 39 42 39 39 40 41 42 38 42 41 42 41 39
48 37
32 34 31 33 30 34 31 30 31 32 30 32 32 30 34 30 34 34 30 31 30 32 34 30 34 32 30 34 32 33 32 30 32 33 30 30 30 30 32 32 30 34 33 31 34 33 33 31
40 40 39 42 38 39 40 41 42 42 41 39 40 38 41 39 41 40 39 40 41 39 39 38 39 40 39 41 39 40 40 39 42 39 38 40 40
44 36
33 32 32 33 32 34 33 34 30 32 34 33 31 31 31 30 34 32 33 33 32 34 34 32 33 30 34 30 30 32 31 33 30 34 32 33 34 32 30 32 34 30 31 32
39 38 41 42 41 42 41 41 39 38 38 41 41 42 42 41 38 38 41 42 40 40 39 38 39 39 41 38 39 40 41 40 39 39 41 39
43 35
31 33 34 32 30 32 34 31 33 30 31 33 31 34 31 33 33 31 32 31 34 34 34 30 34 30 30 32 30 32 30 31 30 33 34 32 31 31 34 30 32 33 32
40 42 42 39 42 42 39 41 38 40 41 41 39 38 40 42 42 39 40 40 42 39 42 38 42 40 38 38 42 42 40 42 41 40 40
42 35
34 34 34 30 33 34 32 34 31 34 32 31 30 34 34 32 34 34 34 30 34 32 30 31 32 30 30 34 34 30 34 33 33 31 33 30 34 31 31 30 33 34
41 41 38 39 39 40 39 40 40 40 39 41 39 42 39 40 41 41 42 40 39 42 38 40 42 39 40 42 42 40 38 40 42 38 41
40 32
34 33 34 33 31 30 34 32 33 33 34 34 34 30 32 30 30 31 33 34 32 31 30 31 32 31 32 34 30 34 31 34 34 30 32 31 32 31 30 31
42 39 40 42 40 42 41 39 40 39 41 40 41 38 40 41 40 38 38 39 38 38 42 39 40 41 40 38 39 40 38 39
47 38
34 31 32 31 32 30 30 34 33 32 33 31 34 32 30 32 33 31 32 30 31 34 33 34 31 33 30 32 30 32 33 32 31 34 33 30 33 32 31 31 31 32 34 30 34 32 34
40 42 39 39 42 41 40 38 41 38 41 39 41 39 41 39 40 42 40 38 42 42 40 42 38 38 42 40 39 40 39 38 39 41 42 41 38 42
