5 5
6 5 5 6 5
8 6 6 6 7
5 5
5 7 7 8 5
8 5 6 8 6
8 6
8 8 5 7 6 5 6 7
5 5 6 8 5 8
7 8
8 6 5 8 8 6 5
7 7 8 7 8 7 5 8
5 6
5 8 5 5 8
7 5 7 8 8 6
8 6
7 6 7 6 7 8 5 8
7 5 7 8 7 5
6 6
5 5 8 6 5 6
6 6 8 5 8 6
8 8
8 7 8 6 7 7 5 7
8 8 6 6 6 7 8 6
8 7
5 6 7 6 5 8 8 6
6 5 7 8 8 7 7
5 8
7 7 6 7 7
8 6 5 6 8 6 6 7
20 15
10 9 10 9 10 10 9 8 9 10 9 9 8 8 8 10 9 10 10 10
10 14 10 12 14 12 9 9 10 9 14 11 9 9 14
20 15
8 10 9 8 8 8 10 8 8 10 9 9 9 8 9 9 9 9 8 10
9 12 9 11 12 13 9 13 12 14 14 14 14 9 10
20 15
10 8 8 8 8 8 8 8 9 9 8 9 8 10 9 10 8 8 10 10
12 9 12 12 10 12 12 13 12 14 13 11 13 11 14
20 15
10 10 10 10 8 10 9 8 10 10 8 10 10 8 8 9 9 10 8 10
11 13 13 12 9 9 12 13 11 14 14 9 14 14 14
20 15
9 8 10 8 8 10 10 10 10 8 9 8 10 9 10 10 8 8 9 9
10 13 13 14 11 10 14 12 13 10 12 9 11 12 11
