10 12 12
2 2 6 5 9 2
2 3 2 10 2 3 5
2 2 7 7 12 5
3 2 6 8 6 8 10
3 3 1 7 2 1 6 3
2 2 6 4 1 4
2 3 4 10 1 12 4
3 2 11 11 8 7 8
2 2 8 1 6 1
3 2 9 4 11 1 11
10 12 12
3 3 6 12 6 7 2 11
3 2 4 1 4 7 1
2 3 11 5 10 2 1
2 3 6 1 10 6 6
3 2 4 10 8 4 4
2 3 6 11 3 5 3
3 3 6 6 6 3 12 10
3 2 1 6 3 10 9
3 3 10 2 5 3 4 12
2 2 5 4 7 7
10 12 12
3 2 3 12 6 1 6
3 3 6 7 11 4 3 4
2 3 9 9 9 1 8
3 2 5 6 9 7 4
3 3 8 11 11 6 3 8
3 3 5 8 10 1 9 10
2 3 12 1 5 4 7
2 3 9 11 6 6 4
3 2 11 3 6 9 11
2 2 3 11 12 4
10 12 12
3 2 2 11 9 6 4
2 2 11 4 8 3
3 3 7 3 2 10 9 3
3 2 1 9 10 6 1
3 2 1 3 11 1 4
2 3 7 1 4 2 5
2 2 5 3 2 1
2 3 5 11 8 3 8
2 3 9 6 1 6 7
3 3 4 9 6 6 8 6
10 12 12
3 2 1 2 8 5 10
3 2 3 7 4 12 6
2 2 10 10 1 7
2 2 2 3 1 12
2 3 7 8 8 12 3
2 3 3 7 11 2 6
2 2 2 12 6 8
3 3 1 7 6 8 6 2
3 3 4 3 9 8 9 1
2 3 4 7 12 7 12
10 12 12
3 3 6 4 11 5 2 1
3 3 8 1 5 4 4 9
3 3 1 6 12 4 4 7
3 3 10 5 1 8 6 11
3 2 10 4 9 4 1
3 3 11 11 6 4 3 8
2 2 11 2 2 5
3 3 1 11 4 3 8 11
2 3 4 11 12 2 12
2 2 2 7 10 2
10 12 12
3 3 4 4 11 10 12 9
3 3 4 2 7 11 11 11
3 3 11 12 6 8 11 6
2 3 9 3 12 6 8
3 2 4 8 3 10 7
2 2 5 9 6 1
3 2 4 6 11 5 11
2 2 9 2 11 4
2 2 12 3 5 1
2 3 12 2 3 3 6
10 12 12
2 3 12 3 7 7 11
2 3 9 11 7 11 11
2 3 7 2 9 8 5
2 2 12 10 3 8
3 3 1 4 12 6 1 2
3 3 4 1 1 4 6 8
3 2 7 7 10 9 7
2 2 5 9 5 11
2 2 6 4 11 8
2 2 2 5 9 8
10 12 12
2 2 6 5 9 2
2 2 2 10 2 3
2 2 1 7 7 12
2 2 9 6 8 6
2 2 12 4 1 7
2 2 6 3 1 1
2 2 1 4 3 8
2 2 1 12 4 10
2 2 11 8 7 8
2 2 8 1 6 1
10 12 12
2 2 9 4 11 1
2 2 12 6 12 6
2 2 11 6 3 4
2 2 7 1 7 4
2 2 10 2 1 9
2 2 1 10 6 6
2 2 4 10 8 4
2 2 4 6 11 3
2 2 12 8 6 6
2 2 12 10 12 11
10 12 12
2 2 3 10 9 12
2 2 2 5 3 4
2 2 11 5 4 7
2 2 11 3 12 6
2 2 12 6 6 7
2 2 3 4 7 6
2 2 9 1 8 4
2 2 6 9 7 4
2 2 8 11 11 6
2 2 12 10 5 8
10 12 12
2 2 9 10 3 8
2 2 5 4 7 7
2 2 11 6 6 4
2 2 11 3 6 9
2 2 3 3 11 12
2 2 3 2 11 9
2 2 1 5 11 4
2 2 4 10 7 3
2 2 9 3 10 11
2 2 10 6 1 10
10 12 12
2 2 3 11 1 4
2 2 7 1 4 2
2 2 5 5 3 2
2 2 12 5 11 8
2 2 9 2 9 6
2 2 7 2 8 4
2 2 6 8 6 12
2 2 2 8 5 10
2 2 3 7 4 12
2 2 7 10 10 1
10 12 12
2 2 7 2 3 1
2 2 6 7 8 8
2 2 7 6 3 7
2 2 6 11 3 2
2 2 8 2 4 1
2 2 8 6 2 4
2 2 3 9 8 9
2 2 4 4 7 12
2 2 2 12 6 4
2 2 2 1 6 12
10 12 12
2 2 5 4 4 9
2 2 1 6 12 4
2 2 10 6 10 5
2 2 6 11 8 1
2 2 9 4 1 8
2 2 11 6 4 3
2 2 7 11 2 2
2 2 4 1 11 4
2 2 11 1 4 4
2 2 2 12 5 9
10 12 12
2 2 10 2 4 4
2 2 11 10 12 9
2 2 4 2 7 11
2 2 6 8 11 12
2 2 11 6 7 2
2 2 12 6 8 10
2 2 8 3 10 7
2 2 5 9 6 1
2 2 4 6 11 5
2 2 3 9 2 11
20 22 22
3 2 6 5 2 10 9
2 3 10 4 9 8 16
2 3 3 7 8 9 20
2 2 22 17 1 1
3 3 20 21 12 3 22 9
3 3 11 6 20 14 4 20
2 2 18 2 22 22
2 2 14 20 11 10
2 3 21 12 10 15 14
2 3 17 11 22 18 16
3 2 1 16 8 12 20
3 3 1 20 9 2 2 9
2 2 20 1 17 6
2 3 15 6 22 5 18
2 2 9 5 19 18
3 2 13 8 11 2 20
3 3 17 21 5 3 20 22
2 3 5 14 7 4 19
2 3 13 11 18 2 2
2 2 14 9 10 9
20 22 22
2 2 17 19 18 1
3 3 8 7 12 8 14 14
3 3 4 13 10 16 17 13
3 3 22 5 5 1 20 3
3 2 21 12 12 5 8
2 3 18 18 10 1 11
2 3 5 17 18 3 15
3 3 19 2 18 21 5 6
2 3 4 4 7 2 10
3 3 8 10 18 10 7 15
3 2 7 10 10 12 1
3 3 5 11 19 20 21 16
2 2 14 11 13 7
2 3 2 20 12 1 22
3 3 22 15 12 4 7 6
3 3 2 15 21 15 14 14
3 2 12 22 17 16 15
3 3 3 8 10 11 18 11
3 2 7 12 15 12 22
2 2 4 5 13 18
20 22 22
2 3 11 16 9 19 19
3 3 14 6 7 11 16 18
3 3 1 20 14 22 19 9
2 3 9 17 12 3 7
3 3 20 8 10 15 15 18
2 3 7 9 18 1 13
3 3 19 4 19 15 16 12
2 2 21 20 13 12
2 3 7 16 7 17 19
3 3 21 10 10 9 12 5
3 3 1 13 19 17 22 14
3 2 4 14 21 22 2
3 2 6 7 16 5 5
2 3 22 10 13 16 22
2 3 19 10 8 8 10
2 3 13 4 22 4 11
3 3 4 4 6 8 2 17
3 2 11 21 16 2 5
3 2 22 2 3 5 13
2 2 20 16 11 21
20 22 22
3 2 21 8 3 4 15
2 2 6 15 21 20
3 2 12 12 13 15 13
2 3 7 4 20 2 8
2 2 18 1 13 14
3 3 13 18 10 10 17 17
2 2 2 21 4 19
2 3 15 6 11 18 4
3 3 21 19 4 9 18 9
3 3 20 11 22 11 16 12
3 2 11 9 8 10 21
2 3 5 21 16 20 3
2 2 13 9 2 4
2 2 12 18 4 5
2 3 13 22 12 10 1
2 3 22 1 13 3 21
3 3 3 14 10 2 17 7
2 3 6 5 5 2 15
3 2 13 14 17 21 14
2 3 10 11 20 6 21
20 22 22
2 2 5 15 3 8
2 2 3 19 20 9
2 3 16 2 10 15 19
2 2 1 8 4 18
2 3 10 18 22 13 8
3 3 3 6 21 10 21 17
3 3 6 20 7 18 15 19
2 2 16 15 10 10
3 2 15 2 14 14 21
2 2 2 13 7 9
3 2 6 16 18 4 6
3 3 18 11 2 9 6 16
2 3 12 16 8 13 7
2 3 10 10 9 5 19
3 3 17 13 18 10 3 4
3 2 18 7 5 2 10
3 3 15 14 12 4 15 16
3 3 19 20 21 19 19 13
3 3 2 19 1 19 2 10
3 2 20 14 1 17 21
20 22 22
2 3 9 21 21 15 3
2 2 22 19 3 19
2 2 13 2 3 13
3 2 2 11 3 17 5
3 3 5 16 19 14 1 15
2 3 22 8 22 22 17
2 3 5 5 8 12 18
2 3 9 2 17 4 16
3 3 11 4 11 7 15 6
3 3 4 9 18 12 19 14
2 3 20 18 15 10 3
2 2 18 12 19 11
2 2 7 15 17 6
3 3 8 18 1 12 2 15
2 3 13 8 6 5 12
3 3 19 16 22 11 4 21
3 3 6 15 9 6 19 18
3 3 16 10 7 1 17 5
3 3 5 16 22 21 18 21
2 2 21 7 15 3
20 22 22
2 2 6 5 2 10
2 2 14 10 4 9
2 2 5 16 3 7
2 2 20 1 9 22
2 2 1 20 14 20
2 2 3 22 9 18
2 2 6 20 14 4
2 2 11 18 2 22
2 2 21 14 20 11
2 2 18 21 12 10
2 2 9 8 17 11
2 2 16 20 5 1
2 2 12 20 18 16
2 2 9 2 2 9
2 2 20 1 17 6
2 2 15 6 22 5
2 2 1 9 5 19
2 2 1 13 8 11
2 2 18 2 17 21
2 2 20 22 15 4
20 22 22
2 2 7 4 19 1
2 2 11 18 2 2
2 2 14 9 10 9
2 2 17 19 18 1
2 2 8 7 12 8
2 2 2 12 4 13
2 2 17 13 8 8
2 2 5 1 20 3
2 2 21 12 12 5
2 2 12 18 18 10
2 2 9 8 5 17
2 2 15 18 12 19
2 2 21 5 6 19
2 2 4 7 2 10
2 2 8 10 18 10
2 2 20 1 7 10
2 2 1 16 20 5
2 2 20 21 16 17
2 2 11 13 7 17
2 2 20 12 1 22
20 22 22
2 2 22 15 12 4
2 2 6 20 2 15
2 2 14 14 2 7
2 2 17 16 15 8
2 2 8 10 11 18
2 2 17 7 12 15
2 2 11 7 4 5
2 2 19 22 11 16
2 2 19 20 4 14
2 2 11 16 18 8
2 2 20 14 22 19
2 2 20 9 17 12
2 2 14 8 20 8
2 2 15 18 5 22
2 2 18 1 13 4
2 2 4 19 15 16
2 2 3 21 20 13
2 2 18 7 16 7
2 2 20 20 21 10
2 2 12 5 6 20
20 22 22
2 2 19 17 22 14
2 2 4 14 21 22
2 2 21 6 7 16
2 2 9 2 22 10
2 2 22 13 4 19
2 2 8 10 15 12
2 2 22 4 11 8
2 2 4 6 8 2
2 2 11 11 21 16
2 2 14 11 22 2
2 2 13 5 9 20
2 2 21 22 15 21
2 2 4 15 21 13
2 2 21 20 16 17
2 2 13 15 13 11
2 2 4 20 2 8
2 2 18 1 13 14
2 2 13 18 10 10
2 2 19 11 2 21
2 2 9 20 15 6
20 22 22
2 2 4 8 22 21
2 2 9 18 9 10
2 2 11 22 11 16
2 2 9 11 9 8
2 2 9 8 5 21
2 2 3 11 19 13
2 2 4 11 1 12
2 2 5 13 6 13
2 2 10 1 19 14
2 2 13 3 21 14
2 2 14 10 2 17
2 2 12 6 5 5
2 2 16 9 13 14
2 2 14 3 12 10
2 2 6 21 17 15
2 2 3 8 13 17
2 2 20 9 9 18
2 2 10 15 19 11
2 2 8 4 18 9
2 2 18 22 13 8
20 22 22
2 2 3 6 21 10
2 2 2 16 6 20
2 2 15 19 5 3
2 2 10 10 8 19
2 2 14 14 21 9
2 2 13 7 9 22
2 2 16 18 4 6
2 2 18 11 2 9
2 2 19 18 12 16
2 2 7 17 22 10
2 2 5 19 20 20
2 2 18 10 3 4
2 2 18 7 5 2
2 2 18 15 14 12
2 2 16 10 6 19
2 2 19 19 13 20
2 2 19 1 19 2
2 2 11 20 14 1
2 2 11 18 9 21
2 2 3 15 7 22
20 22 22
4 4 18 12 20 21 19 9 3 10
4 3 5 18 21 8 15 19 13
4 4 6 10 19 12 15 13 18 19
3 4 7 20 13 7 14 22 20
3 3 21 9 18 18 1 13
3 4 6 7 9 14 22 13 15
3 3 12 10 4 16 11 1
4 3 21 3 2 11 18 22 1
3 4 14 22 13 1 11 6 17
3 3 1 1 14 5 11 12
3 3 6 20 19 2 14 15
4 3 2 9 12 6 18 1 12
3 4 1 6 10 21 12 17 8
4 3 1 9 22 11 2 18 16
4 4 8 19 5 8 22 20 2 3
4 4 13 20 16 12 21 1 9 9
3 4 19 13 19 9 1 8 6
4 4 4 1 5 12 2 3 12 8
4 4 10 6 18 1 1 7 12 1
3 4 17 7 3 14 22 22 22
20 22 22
3 3 21 9 9 15 11 13
4 3 13 2 1 8 18 18 13
4 3 20 3 5 6 7 10 13
3 4 2 9 1 19 6 15 14
4 4 13 16 10 5 7 8 15 22
4 4 3 20 4 19 22 10 21 19
4 3 6 1 22 8 1 8 21
3 4 19 4 10 6 1 15 20
3 4 12 18 12 10 16 15 2
3 4 13 12 16 18 10 14 3
3 4 8 21 21 1 2 2 5
3 4 12 1 11 8 1 21 12
4 4 4 13 16 5 5 9 4 13
4 4 2 8 7 17 11 13 18 21
3 3 9 20 9 1 11 9
3 4 17 22 7 21 18 19 14
4 4 10 13 8 12 3 2 8 19
3 3 7 8 17 19 3 14
4 3 21 8 13 4 17 18 10
3 3 9 17 20 15 7 21
20 22 22
3 3 18 12 20 21 19 9
3 3 10 9 5 18 21 8
3 3 13 6 18 6 10 19
3 3 13 18 19 11 20 7
3 3 7 14 22 20 9 5
3 3 18 18 1 13 5 8
3 3 9 14 22 13 15 3
3 3 10 4 16 11 1 12
3 3 3 2 11 18 22 1
3 3 14 22 13 1 11 6
3 3 13 1 1 14 5 11
3 3 17 6 20 19 2 14
3 3 3 2 9 12 6 18
3 3 9 4 1 6 10 21
3 3 8 8 21 1 9 22
3 3 18 16 18 16 8 19
3 3 22 20 2 3 14 6
3 3 16 12 21 1 9 9
3 3 19 13 19 9 1 8
3 3 10 4 1 5 12 2
20 22 22
3 3 8 14 22 10 6 18
3 3 7 12 1 13 16 17
3 3 14 22 22 22 3 1
3 3 9 15 11 13 14 19
3 3 1 8 18 18 13 8
3 3 3 5 6 7 10 13
3 3 2 9 1 19 6 15
3 3 20 13 16 10 5 7
3 3 22 12 2 3 20 4
3 3 10 21 19 12 13 6
3 3 8 1 8 21 3 12
3 3 10 6 1 15 20 11
3 3 18 12 10 16 15 2
3 3 13 12 16 18 10 14
3 3 14 8 21 21 1 2
3 3 19 10 12 1 11 8
3 3 12 16 8 4 13 16
3 3 9 4 13 20 18 2
3 3 17 11 13 18 21 9
3 3 20 9 1 11 9 13
50 52 52
2 3 30 11 45 38 46
3 2 38 30 36 22 40
2 3 33 12 21 46 19
2 2 5 13 38 14
2 3 18 36 51 11 21
2 2 5 16 10 6
2 3 47 18 46 11 5
3 3 17 33 32 21 26 18
3 3 26 4 2 47 41 35
2 2 23 37 26 31
3 2 4 32 23 39 42
2 2 12 12 15 42
3 2 32 40 21 33 28
2 3 32 32 48 28 13
2 2 35 51 5 49
3 3 34 15 26 37 30 22
3 2 3 32 43 12 36
2 3 10 18 43 22 31
2 2 38 24 31 31
2 3 21 17 46 20 50
3 3 13 39 37 12 52 50
3 2 37 33 14 4 50
2 3 3 42 8 13 42
3 2 25 24 35 37 2
3 3 37 27 10 13 52 48
3 2 17 5 23 48 31
3 3 5 45 19 3 5 35
2 2 9 28 19 40
2 2 48 36 4 13
3 3 30 15 21 23 4 8
3 3 14 46 23 45 52 2
2 2 16 52 21 19
3 3 32 32 4 9 2 45
3 3 18 24 38 49 49 47
2 3 50 2 26 14 41
3 3 25 46 2 8 33 41
3 3 32 21 37 25 21 2
2 3 49 31 16 39 22
2 3 26 7 26 50 29
2 3 8 7 33 50 34
2 2 52 49 41 17
3 3 3 34 2 3 52 27
2 2 1 2 25 32
2 2 6 26 17 26
2 3 39 40 20 20 17
3 3 44 32 49 35 44 44
3 2 13 33 28 29 10
2 3 13 15 38 22 42
2 3 25 16 30 7 25
3 3 30 14 15 30 48 26
50 52 52
3 3 27 35 16 1 50 3
2 3 45 44 33 10 31
3 3 37 10 22 9 43 30
3 3 31 47 43 31 40 13
2 3 49 41 47 51 33
3 3 35 30 11 10 30 52
3 3 5 23 41 35 7 17
2 2 2 49 29 15
2 2 48 51 21 37
2 3 6 8 41 3 44
3 3 6 35 34 19 25 52
3 2 50 50 50 11 16
2 2 38 38 26 2
3 3 25 13 43 30 14 12
2 3 40 36 9 10 27
3 3 21 7 26 8 5 33
2 3 29 23 12 45 52
3 3 13 21 17 26 27 37
2 2 25 39 21 37
3 2 37 25 31 45 34
3 3 6 22 11 40 52 24
2 2 49 13 2 23
3 3 27 6 45 1 41 2
3 3 13 3 14 35 14 11
2 2 38 43 16 3
3 3 9 50 9 42 29 39
3 2 15 24 25 51 15
3 2 31 52 25 35 11
2 2 2 13 29 3
2 3 51 9 42 27 1
2 3 41 45 35 49 48
3 2 7 18 25 15 7
3 2 47 8 31 15 30
3 3 29 22 33 4 47 16
3 3 34 38 25 16 23 3
3 2 13 15 46 32 8
2 2 22 36 24 23
3 3 7 14 48 49 12 23
3 3 27 24 15 9 10 32
3 2 45 14 31 18 42
2 3 17 32 49 24 30
3 2 41 16 52 1 5
2 3 6 46 6 32 23
3 2 16 39 28 49 1
3 3 43 44 30 14 34 18
3 3 37 26 38 30 1 47
2 3 10 11 29 6 37
2 3 17 6 36 19 48
2 2 17 26 41 39
3 2 49 41 36 23 23
50 52 52
3 2 51 41 17 42 12
3 2 41 41 29 31 26
3 3 14 35 21 35 4 2
3 3 41 31 2 9 48 30
2 3 35 34 5 16 6
2 2 42 2 6 30
3 3 30 39 36 37 28 30
2 2 18 27 36 40
2 2 6 33 26 22
3 2 6 27 35 26 37
3 2 23 39 26 48 34
2 2 21 3 37 3
3 2 47 9 49 10 51
2 2 34 23 33 32
3 2 46 36 4 21 40
2 3 36 36 44 42 42
2 2 22 32 24 22
3 3 37 7 32 22 5 34
3 3 36 10 21 26 40 4
3 3 1 28 29 14 28 20
2 2 44 23 47 45
3 2 50 13 50 32 25
3 2 22 42 46 1 14
3 3 27 44 46 26 48 49
3 2 10 45 14 49 12
2 3 17 21 27 11 48
3 3 7 50 39 11 10 16
3 2 49 41 39 6 29
2 3 37 22 40 3 32
2 2 20 17 22 24
2 3 26 10 32 4 48
3 3 45 26 3 38 11 47
2 3 12 27 48 5 6
3 3 42 28 20 18 18 9
2 2 38 36 44 8
2 2 5 7 39 40
2 3 42 14 51 45 6
3 2 43 44 15 26 21
2 3 5 1 37 11 1
2 2 39 33 30 23
2 3 41 13 4 17 11
3 3 6 7 31 36 11 17
2 3 46 34 6 34 2
2 3 35 23 20 4 5
2 2 14 1 19 23
2 3 16 11 23 48 26
3 2 31 49 51 17 9
3 2 32 17 4 51 27
2 2 4 36 42 52
2 2 43 28 2 35
50 52 52
3 3 25 12 48 27 39 40
2 3 28 11 10 9 21
2 3 15 50 7 1 48
3 3 7 29 7 1 37 36
3 2 7 32 44 29 38
2 2 17 14 14 33
2 2 37 16 3 41
2 2 22 36 8 22
2 3 25 31 45 7 28
2 3 52 25 13 29 39
3 2 39 42 17 38 28
3 3 7 32 51 8 6 1
3 2 31 49 21 36 30
3 2 4 18 51 37 15
2 3 1 39 36 1 1
3 3 51 45 7 7 39 2
2 3 51 43 36 50 30
3 3 1 24 28 48 51 10
3 3 35 47 22 1 13 43
2 3 45 50 42 5 31
2 3 28 12 48 7 49
3 2 51 11 19 27 30
3 2 24 47 42 25 45
3 2 49 1 8 49 52
2 3 4 16 24 28 3
2 2 38 8 12 29
3 2 5 4 32 7 39
3 3 22 44 22 45 24 36
3 3 23 23 18 29 34 34
3 3 39 8 9 18 12 19
2 2 25 3 18 7
3 3 22 42 52 40 35 40
3 2 35 31 40 41 13
3 3 48 35 33 43 18 36
2 2 52 33 19 38
3 2 41 29 9 50 21
3 2 35 48 47 21 18
3 3 43 10 16 46 46 18
2 2 50 27 18 39
3 3 8 46 40 10 36 48
2 2 48 41 10 18
2 2 7 10 27 2
2 2 42 48 21 15
2 2 48 45 21 29
2 2 40 45 45 40
3 2 9 6 45 17 36
3 3 29 52 30 47 35 50
3 2 34 17 14 45 42
2 3 26 21 48 38 15
3 3 3 21 21 22 22 11
50 52 52
2 2 46 43 26 51
2 2 19 14 45 17
2 2 40 5 14 12
3 2 10 39 9 5 15
3 3 4 48 48 28 38 42
2 2 52 30 37 43
2 3 2 39 15 8 38
3 2 39 46 50 38 10
3 2 22 34 43 46 19
3 3 8 11 37 9 4 7
2 3 24 15 16 10 15
3 2 48 2 23 4 2
2 2 39 46 37 50
3 2 41 9 36 9 42
3 3 25 36 48 18 9 1
3 3 1 8 2 22 34 46
3 2 3 52 38 46 18
3 2 33 43 33 28 5
3 2 42 23 46 39 23
2 3 39 19 39 8 34
3 2 32 21 21 50 38
3 2 11 8 26 36 33
2 2 35 39 12 6
2 3 8 1 8 46 23
2 3 17 22 34 2 27
2 2 46 46 42 39
3 3 48 11 45 31 14 22
3 3 4 20 38 37 41 35
3 2 5 51 28 6 20
3 3 36 7 50 32 43 32
2 3 22 11 33 37 20
3 2 9 38 1 11 23
3 2 40 49 29 7 42
2 3 30 37 34 32 31
3 2 45 8 19 31 20
2 2 45 16 27 49
2 2 10 45 30 11
3 3 17 33 19 40 37 8
2 3 33 40 52 52 23
2 2 38 19 29 29
3 2 7 22 20 4 35
2 3 13 10 51 16 42
2 2 52 24 38 15
2 2 39 13 15 44
3 3 48 40 50 12 43 21
2 3 20 11 28 23 24
3 2 37 19 38 11 10
2 3 22 3 35 45 43
2 2 34 42 4 30
3 3 9 41 42 49 21 34
50 52 52
3 3 46 37 31 21 33 41
2 2 14 19 43 49
2 3 48 42 34 35 14
2 3 31 25 16 17 32
2 2 47 41 50 33
3 3 34 15 19 31 43 12
3 2 48 27 30 23 6
2 2 40 18 5 33
2 2 47 19 4 32
2 2 17 1 1 2
3 3 38 2 48 25 21 28
2 2 47 37 9 5
3 3 24 3 19 46 22 19
3 3 31 6 8 31 3 17
2 2 34 11 18 51
3 3 37 12 32 9 14 43
3 2 47 24 46 22 11
2 2 27 43 44 43
2 3 12 2 49 12 49
3 2 43 29 44 2 9
3 2 3 1 29 33 6
3 2 22 29 19 29 24
2 3 2 3 7 50 17
3 3 36 19 49 40 36 17
3 3 12 18 50 47 10 35
2 2 4 46 5 6
3 2 5 41 35 19 48
3 3 29 16 36 35 45 43
3 2 11 49 36 1 29
3 2 5 16 34 15 26
3 3 27 2 38 46 7 47
3 3 48 4 37 51 52 22
3 2 1 6 50 18 32
2 3 10 22 48 17 18
3 3 3 25 46 8 7 34
2 2 32 38 5 3
3 2 40 41 32 20 11
3 3 35 10 51 51 4 15
2 2 28 45 30 10
2 2 27 13 45 17
2 3 7 5 13 51 28
2 3 44 50 46 22 48
2 2 17 5 39 40
3 2 12 48 8 1 10
3 3 5 12 33 27 11 5
2 2 30 43 35 7
2 3 19 48 44 6 37
2 3 10 48 21 36 36
2 2 49 33 12 41
3 3 31 39 52 39 39 25
50 52 52
3 2 27 49 22 28 4
3 2 25 17 10 26 29
2 2 23 26 14 19
3 2 3 35 6 32 16
3 3 5 8 39 38 5 4
2 3 17 34 46 20 47
3 3 44 52 33 35 33 5
2 3 7 32 47 41 30
3 3 4 19 8 25 36 11
3 3 25 31 28 10 34 52
3 3 47 49 12 22 11 7
2 3 37 29 41 24 45
3 3 34 1 44 39 36 16
3 3 24 43 22 17 30 39
3 2 10 14 1 20 10
2 2 7 12 1 35
2 3 33 16 24 9 40
3 3 35 31 44 5 20 49
3 2 4 8 38 49 43
2 2 1 49 22 50
3 2 42 50 38 49 46
2 3 38 32 18 14 29
3 3 24 25 2 2 31 11
2 2 40 50 5 35
3 2 22 39 51 30 26
3 2 41 16 12 16 4
2 2 22 25 13 40
3 2 7 39 39 26 26
3 2 14 42 7 3 40
2 2 40 14 10 6
2 2 22 41 22 29
2 2 18 13 4 39
2 3 28 32 34 35 10
3 2 21 16 12 44 41
3 2 43 1 30 10 2
2 3 31 6 28 26 21
3 3 18 13 52 10 1 46
3 2 31 40 18 26 16
3 3 4 39 18 48 33 34
2 2 20 42 22 42
2 3 25 19 2 51 19
3 2 42 20 38 28 17
2 2 25 42 43 28
3 3 25 45 32 30 49 42
2 2 3 9 19 15
3 3 3 50 29 1 7 22
2 2 36 51 28 47
3 3 45 26 40 52 8 48
3 2 43 46 26 37 26
3 3 27 38 10 31 17 30
50 52 52
3 3 47 3 19 49 23 22
3 2 3 9 1 48 1
3 3 52 20 50 36 5 20
3 3 3 24 6 44 18 50
2 2 13 51 31 41
2 2 30 40 46 51
2 3 16 52 20 38 24
2 3 8 29 40 16 39
2 3 41 46 44 34 12
2 3 15 52 50 6 28
3 3 5 52 28 47 31 23
2 2 4 10 6 23
2 3 31 43 24 41 6
3 2 13 12 51 27 26
2 3 3 14 19 43 46
2 3 47 33 36 18 1
3 2 38 8 19 1 20
2 2 31 14 31 34
3 2 51 8 18 3 1
3 3 52 28 21 4 10 11
2 3 26 18 24 3 51
2 3 15 23 42 8 12
2 3 5 27 14 44 9
2 2 37 2 32 46
2 2 42 23 3 45
2 3 21 52 30 5 4
3 3 11 28 46 3 2 13
2 3 29 39 6 21 8
3 3 40 2 6 10 11 38
2 3 37 41 45 20 8
2 3 11 50 28 10 45
2 2 37 13 44 19
3 2 24 19 50 6 25
2 2 39 21 40 20
3 2 20 47 48 6 6
3 2 18 15 3 46 41
2 2 9 45 45 40
3 3 31 45 12 7 42 10
2 2 29 37 31 49
2 3 52 11 37 43 28
2 3 19 18 25 40 33
2 2 14 26 13 9
3 2 50 25 19 39 24
2 3 7 27 15 29 50
2 2 5 10 28 14
3 2 8 11 39 34 44
2 2 26 11 23 9
3 3 37 37 4 16 6 49
3 2 4 47 19 45 38
3 2 17 12 38 10 7
50 52 52
3 2 35 45 1 48 11
3 3 31 46 19 25 40 51
3 3 21 31 9 27 48 22
2 2 15 46 47 36
3 3 37 32 2 24 22 9
3 2 18 16 1 5 12
3 2 6 30 15 16 45
3 3 45 46 14 24 8 48
2 2 47 46 1 47
2 3 10 32 48 17 7
3 3 27 43 20 36 44 39
3 2 52 11 23 5 3
2 2 50 8 11 14
2 2 46 36 2 28
2 2 15 38 29 11
3 2 3 43 13 34 51
2 2 31 38 31 29
3 2 30 5 14 37 4
2 2 34 27 18 38
2 3 25 52 46 9 16
3 3 38 38 3 9 48 19
3 3 34 29 22 20 14 20
2 2 19 25 6 32
2 2 36 16 29 48
3 3 38 32 7 6 39 14
2 2 38 44 6 38
3 3 27 21 14 32 6 3
2 3 13 44 46 30 39
3 3 50 16 14 23 5 2
2 3 39 18 31 18 52
3 2 1 18 29 41 10
2 2 23 23 29 35
3 3 6 10 11 1 3 39
3 3 23 19 6 6 17 41
2 2 38 34 26 12
2 2 42 22 22 3
2 2 41 1 51 4
3 3 21 17 36 50 14 17
2 2 7 5 10 39
2 2 3 10 49 43
3 3 19 26 39 49 20 11
2 3 9 40 25 45 39
2 2 3 48 46 28
2 2 44 15 5 30
3 3 39 35 48 44 25 52
2 2 49 12 6 19
3 2 5 5 21 39 29
2 2 50 38 3 1
3 2 2 1 28 46 32
2 3 3 41 17 49 25
50 52 52
3 2 13 6 48 45 19
2 2 50 26 29 4
2 3 2 7 28 49 22
2 3 20 51 48 18 4
3 2 46 10 40 51 4
2 3 46 36 24 38 48
3 2 40 16 33 26 26
3 2 42 28 50 1 47
2 2 12 43 12 33
3 3 43 19 43 38 28 10
3 3 9 3 23 34 18 38
2 3 2 49 20 25 11
3 3 47 8 48 6 1 28
2 3 37 9 19 25 18
3 3 35 7 6 12 5 31
2 2 39 43 22 15
3 2 51 23 26 50 22
3 2 42 43 8 17 6
3 3 5 15 49 47 20 1
2 2 14 43 38 7
3 2 9 17 50 37 11
3 2 10 31 39 51 18
2 2 43 40 18 14
2 2 41 8 12 34
3 3 20 49 4 12 10 3
3 2 16 11 28 31 31
2 2 8 18 49 34
2 2 25 52 36 3
3 3 23 15 9 28 25 23
2 3 45 5 22 51 15
2 3 42 21 3 6 18
3 3 28 9 7 32 35 26
3 3 21 3 43 30 42 32
2 2 16 50 22 46
3 3 39 52 18 45 41 51
2 3 34 5 29 20 20
3 3 44 21 51 46 30 12
2 3 14 20 16 12 32
3 3 3 25 31 45 7 17
3 2 22 40 39 37 13
2 2 30 50 34 13
3 3 13 15 29 5 34 29
2 2 26 50 7 30
2 3 20 25 42 41 23
2 2 2 38 37 25
3 2 20 27 45 44 40
2 3 9 20 27 44 31
2 3 1 7 32 10 22
3 3 51 1 44 6 1 24
3 3 40 34 33 33 44 50
50 52 52
2 2 30 11 45 38
2 2 49 38 30 36
2 2 17 18 33 12
2 2 19 17 13 5
2 2 14 35 32 18
2 2 11 21 43 3
2 2 10 6 19 30
2 2 46 11 5 2
2 2 33 32 21 26
2 2 12 26 4 2
2 2 35 51 35 23
2 2 31 30 27 4
2 2 39 42 25 9
2 2 15 42 50 37
2 2 21 33 28 51
2 2 32 48 28 13
2 2 35 51 5 49
2 2 34 15 26 37
2 2 46 27 3 32
2 2 36 7 18 10
2 2 22 31 25 41
2 2 31 31 33 34
2 2 46 20 50 44
2 2 39 37 12 52
2 2 49 37 33 14
2 2 19 28 3 42
2 2 42 28 43 25
2 2 37 2 16 16
2 2 10 13 52 48
2 2 17 5 23 48
2 2 48 5 45 19
2 2 35 7 31 9
2 2 40 11 7 48
2 2 13 16 12 30
2 2 23 4 8 42
2 2 46 23 45 52
2 2 17 16 52 21
2 2 48 32 32 4
2 2 45 12 40 18
2 2 49 49 47 13
2 2 2 26 14 41
2 2 25 46 2 8
2 2 50 8 32 21
2 2 21 2 27 18
2 2 16 39 22 35
2 2 7 26 50 29
2 2 8 7 33 50
2 2 9 52 49 41
2 2 42 3 34 2
2 2 27 5 29 1
50 52 52
2 2 32 1 35 6
2 2 26 39 6 39
2 2 20 17 48 30
2 2 49 35 44 44
2 2 13 33 28 29
2 2 46 13 15 38
2 2 19 32 25 16
2 2 25 52 28 30
2 2 30 48 26 16
2 2 35 16 1 50
2 2 4 45 44 33
2 2 14 46 37 10
2 2 43 30 32 50
2 2 43 31 40 13
2 2 49 41 47 51
2 2 20 35 30 11
2 2 52 30 50 5
2 2 35 7 17 29
2 2 49 29 15 45
2 2 51 21 37 17
2 2 8 41 3 44
2 2 6 35 34 19
2 2 14 47 50 50
2 2 16 15 29 38
2 2 2 8 4 25
2 2 30 14 12 35
2 2 36 9 10 27
2 2 21 7 26 8
2 2 3 52 29 23
2 2 52 42 50 13
2 2 26 27 37 39
2 2 39 21 37 4
2 2 25 31 45 34
2 2 6 22 11 40
2 2 17 7 49 13
2 2 6 16 27 6
2 2 41 2 36 32
2 2 14 35 14 11
2 2 38 43 16 3
2 2 9 50 9 42
2 2 18 31 15 24
2 2 15 32 13 31
2 2 35 11 7 39
2 2 29 3 47 2
2 2 42 27 1 23
2 2 45 35 49 48
2 2 7 18 25 15
2 2 1 47 8 31
2 2 10 24 29 22
2 2 47 16 10 18
50 52 52
2 2 25 16 23 3
2 2 13 15 46 32
2 2 39 22 36 24
2 2 2 7 14 48
2 2 23 48 28 27
2 2 9 10 32 16
2 2 14 31 18 42
2 2 17 32 49 24
2 2 13 41 16 52
2 2 45 50 6 46
2 2 23 28 11 16
2 2 49 1 8 36
2 2 30 14 34 18
2 2 37 26 38 30
2 2 19 28 10 11
2 2 37 21 20 17
2 2 19 48 21 25
2 2 41 39 42 51
2 2 36 23 23 12
2 2 41 17 42 12
2 2 41 41 29 31
2 2 52 14 35 21
2 2 2 30 26 41
2 2 9 48 30 27
2 2 34 5 16 6
2 2 42 2 6 30
2 2 30 39 36 37
2 2 45 25 18 27
2 2 45 11 6 33
2 2 4 37 6 27
2 2 37 12 3 23
2 2 48 34 47 33
2 2 37 3 26 25
2 2 49 10 51 31
2 2 23 33 32 16
2 2 36 4 21 40
2 2 36 36 44 42
2 2 25 22 32 24
2 2 42 37 7 32
2 2 34 40 38 36
2 2 26 40 4 2
2 2 28 29 14 28
2 2 51 44 23 47
2 2 17 50 13 50
2 2 42 9 22 42
2 2 14 40 22 27
2 2 26 48 49 38
2 2 45 14 49 12
2 2 17 21 27 11
2 2 22 7 50 39
50 52 52
2 2 16 46 3 49
2 2 6 29 5 16
2 2 40 3 32 25
2 2 17 22 24 35
2 2 10 32 4 48
2 2 45 26 3 38
2 2 5 46 12 27
2 2 6 34 8 42
2 2 18 18 9 17
2 2 36 44 8 37
2 2 7 39 40 19
2 2 14 51 45 6
2 2 43 44 15 26
2 2 4 5 1 37
2 2 17 37 39 33
2 2 3 42 41 13
2 2 11 20 6 6
2 2 36 11 17 23
2 2 34 6 34 2
2 2 35 23 20 4
2 2 39 14 1 19
2 2 42 16 11 23
2 2 32 39 31 49
2 2 9 18 27 32
2 2 51 27 17 7
2 2 42 52 7 7
2 2 2 35 20 4
2 2 48 27 39 40
2 2 28 11 10 9
2 2 32 15 50 7
2 2 32 44 7 29
2 2 37 36 14 19
2 2 44 29 38 43
2 2 14 14 33 27
2 2 16 3 41 31
2 2 36 8 22 37
2 2 31 45 7 28
2 2 52 25 13 29
2 2 37 39 42 17
2 2 40 52 7 32
2 2 6 1 48 37
2 2 21 36 30 42
2 2 18 51 37 15
2 2 1 39 36 1
2 2 50 51 45 7
2 2 2 25 6 51
2 2 50 30 30 2
2 2 28 48 51 10
2 2 35 47 22 1
2 2 39 6 45 50
50 52 52
2 2 31 13 6 28
2 2 7 49 52 31
2 2 19 27 30 8
2 2 47 42 25 45
2 2 49 1 8 49
2 2 24 4 16 24
2 2 15 49 38 8
2 2 46 31 5 4
2 2 39 48 16 22
2 2 45 24 36 16
2 2 23 18 29 34
2 2 38 39 8 9
2 2 19 23 25 25
2 2 7 46 50 22
2 2 40 35 40 30
2 2 31 40 41 13
2 2 48 35 33 43
2 2 25 51 52 33
2 2 40 13 41 29
2 2 21 34 11 35
2 2 21 18 38 32
2 2 16 46 46 18
2 2 50 27 18 39
2 2 8 46 40 10
2 2 33 13 48 41
2 2 11 41 7 10
2 2 29 21 42 48
2 2 51 23 48 45
2 2 51 39 40 45
2 2 42 19 9 6
2 2 36 48 36 29
2 2 47 35 50 28
2 2 17 14 45 42
2 2 26 21 48 38
2 2 48 3 21 21
2 2 11 37 43 46
2 2 51 3 51 19
2 2 17 51 1 40
2 2 12 14 29 10
2 2 5 15 8 36
2 2 48 28 38 42
2 2 52 30 37 43
2 2 2 39 15 8
2 2 17 39 46 50
2 2 26 17 22 34
2 2 19 42 10 8
2 2 9 4 7 15
2 2 15 16 10 15
2 2 48 2 23 4
2 2 21 39 46 37
50 52 52
2 2 25 41 9 36
2 2 28 8 25 36
2 2 9 1 32 40
2 2 2 22 34 46
2 2 3 52 38 46
2 2 37 33 43 33
2 2 12 3 42 23
2 2 23 47 26 39
2 2 8 34 44 15
2 2 21 50 38 34
2 2 8 26 36 33
2 2 35 39 12 6
2 2 8 1 8 46
2 2 30 17 22 34
2 2 51 3 46 46
2 2 6 34 48 11
2 2 14 22 2 4
2 2 38 37 41 35
2 2 5 51 28 6
2 2 32 36 7 50
2 2 32 47 50 22
2 2 37 20 38 7
2 2 1 11 23 12
2 2 49 29 7 42
2 2 30 37 34 32
2 2 3 45 8 19
2 2 9 27 45 16
2 2 45 31 10 45
2 2 26 52 17 33
2 2 37 8 3 32
2 2 52 52 23 47
2 2 19 29 29 4
2 2 22 20 4 35
2 2 13 10 51 16
2 2 33 52 24 38
2 2 11 39 13 15
2 2 8 48 40 50
2 2 21 33 46 20
2 2 23 24 18 43
2 2 38 11 10 11
2 2 3 35 45 43
2 2 34 42 4 30
2 2 9 41 42 49
2 2 14 48 46 37
2 2 33 41 7 29
2 2 43 49 11 10
2 2 34 35 14 7
2 2 25 16 17 32
2 2 47 41 50 33
2 2 34 15 19 31
50 52 52
2 2 24 39 48 27
2 2 6 37 17 40
2 2 33 15 45 47
2 2 32 31 37 17
2 2 2 2 6 38
2 2 25 21 28 15
2 2 37 9 5 8
2 2 3 19 46 22
2 2 24 31 6 8
2 2 17 41 23 34
2 2 51 32 8 37
2 2 9 14 43 36
2 2 24 46 22 11
2 2 27 43 44 43
2 2 12 2 49 12
2 2 45 43 29 44
2 2 42 1 3 1
2 2 6 34 33 22
2 2 29 24 49 16
2 2 7 50 17 2
2 2 19 49 40 36
2 2 18 12 18 50
2 2 35 51 41 4
2 2 6 44 39 5
2 2 19 48 42 12
2 2 36 35 45 43
2 2 11 49 36 1
2 2 11 5 16 34
2 2 52 6 27 2
2 2 7 47 2 36
2 2 37 51 52 22
2 2 1 6 50 18
2 2 30 10 22 48
2 2 42 28 3 25
2 2 7 34 7 33
2 2 5 3 36 15
2 2 32 20 11 34
2 2 10 51 51 4
2 2 21 28 45 30
2 2 5 27 13 45
2 2 36 7 5 13
2 2 19 28 44 50
2 2 48 43 23 17
2 2 40 50 49 12
2 2 1 10 22 52
2 2 33 27 11 5
2 2 30 43 35 7
2 2 19 48 44 6
2 2 30 10 48 21
2 2 7 13 49 33
50 52 52
2 2 10 18 31 39
2 2 39 25 16 51
2 2 22 28 4 14
2 2 17 10 26 29
2 2 23 26 14 19
2 2 3 35 6 32
2 2 36 5 8 39
2 2 4 35 40 17
2 2 20 47 52 18
2 2 33 35 33 5
2 2 7 32 47 41
2 2 18 4 19 8
2 2 11 8 24 25
2 2 10 34 52 16
2 2 49 12 22 11
2 2 16 37 29 41
2 2 28 16 34 1
2 2 36 16 20 48
2 2 22 17 30 39
2 2 10 14 1 20
2 2 41 7 12 1
2 2 2 33 16 24
2 2 40 46 35 31
2 2 20 49 46 1
2 2 38 49 43 15
2 2 49 22 50 6
2 2 50 38 49 46
2 2 38 32 18 14
2 2 4 24 25 2
2 2 11 43 51 40
2 2 35 6 51 22
2 2 30 26 50 35
2 2 12 16 4 47
2 2 25 13 40 36
2 2 39 39 26 26
2 2 14 42 7 3
2 2 47 40 14 10
2 2 3 22 41 22
2 2 35 18 13 4
2 2 26 28 32 34
2 2 14 21 21 16
2 2 41 6 3 43
2 2 10 2 49 46
2 2 28 26 21 22
2 2 13 52 10 1
2 2 1 31 40 18
2 2 32 46 4 39
2 2 33 34 39 9
2 2 22 42 33 46
2 2 2 51 19 4
50 52 52
2 2 20 38 28 17
2 2 25 42 43 28
2 2 25 45 32 30
2 2 41 11 3 9
2 2 44 20 3 50
2 2 7 22 31 15
2 2 28 47 42 22
2 2 40 52 8 48
2 2 43 46 26 37
2 2 44 27 38 10
2 2 30 8 12 47
2 2 49 23 22 10
2 2 9 1 48 1
2 2 52 20 50 36
2 2 38 22 3 24
2 2 18 50 7 35
2 2 31 41 3 31
2 2 46 51 15 24
2 2 20 38 24 19
2 2 29 40 16 39
2 2 41 46 44 34
2 2 50 15 52 50
2 2 28 2 5 52
2 2 31 23 33 49
2 2 6 23 45 20
2 2 24 41 6 20
2 2 12 51 27 26
2 2 3 14 19 43
2 2 12 47 33 36
2 2 28 41 38 8
2 2 20 23 41 31
2 2 34 6 11 51
2 2 3 1 12 16
2 2 21 4 10 11
2 2 26 18 24 3
2 2 18 15 23 42
2 2 9 30 5 27
2 2 9 5 25 37
2 2 46 51 19 42
2 2 45 31 50 21
2 2 5 4 14 22
2 2 46 3 2 13
2 2 29 39 6 21
2 2 26 40 2 6
2 2 38 27 36 37
2 2 20 8 31 40
2 2 28 10 45 47
2 2 13 44 19 22
2 2 19 50 6 25
2 2 39 21 40 20
50 52 52
2 2 20 47 48 6
2 2 41 18 15 3
2 2 35 45 9 45
2 2 36 34 31 45
2 2 42 10 7 45
2 2 31 49 3 46
2 2 37 43 28 31
2 2 18 25 40 33
2 2 14 26 13 9
2 2 50 25 19 39
2 2 52 7 27 15
2 2 45 45 5 10
2 2 50 15 8 11
2 2 44 27 51 26
2 2 9 12 42 37
2 2 16 6 49 28
2 2 47 19 45 38
2 2 17 12 38 10
2 2 37 35 45 1
2 2 48 22 31 46
2 2 40 51 6 52
2 2 9 27 48 22
2 2 15 46 47 36
2 2 37 32 2 24
2 2 44 17 18 16
2 2 12 46 37 6
2 2 16 45 50 14
2 2 14 24 8 48
2 2 47 46 1 47
2 2 10 32 48 17
2 2 48 27 43 20
2 2 39 16 25 52
2 2 5 3 11 45
2 2 11 14 7 39
2 2 2 28 1 1
2 2 29 11 12 3
2 2 13 34 51 23
2 2 38 31 29 30
2 2 5 14 37 4
2 2 34 27 18 38
2 2 25 52 46 9
2 2 16 38 38 3
2 2 19 42 44 34
2 2 20 14 20 7
2 2 25 6 32 39
2 2 16 29 48 20
2 2 32 7 6 39
2 2 13 38 44 6
2 2 28 27 21 14
2 2 3 27 46 13
80 80 80
2 2 7 23 20 21
2 2 17 14 46 4
2 2 17 24 59 13
2 2 67 38 75 44
2 2 7 31 17 23
2 2 26 28 9 55
2 2 65 29 22 66
2 2 26 35 10 46
2 2 80 64 24 18
2 2 10 8 45 19
2 2 5 23 67 37
2 2 33 54 12 44
2 2 30 70 40 71
2 2 63 10 51 63
2 2 52 37 28 56
2 2 15 24 66 46
2 2 2 61 19 60
2 2 26 30 71 52
2 2 8 70 61 36
2 2 62 8 37 1
2 2 16 59 18 28
2 2 17 68 8 51
2 2 80 15 42 52
2 2 64 7 13 23
2 2 1 5 79 19
2 2 60 48 45 15
2 2 63 10 54 9
2 2 22 60 74 51
2 2 49 38 10 4
2 2 25 25 12 45
2 2 58 35 27 54
2 2 25 47 13 15
2 2 64 77 23 53
2 2 10 12 67 40
2 2 76 43 55 52
2 2 51 16 30 41
2 2 19 62 45 16
2 2 52 24 34 17
2 2 67 56 75 61
2 2 68 47 53 47
2 2 65 62 39 2
2 2 48 2 44 9
2 2 50 17 29 2
2 2 48 3 51 40
2 2 24 25 4 13
2 2 11 65 12 72
2 2 63 4 69 7
2 2 30 22 25 13
2 2 72 46 40 56
2 2 56 17 12 23
2 2 53 1 17 68
2 2 73 21 14 10
2 2 53 48 27 11
2 2 59 50 13 23
2 2 2 46 51 36
2 2 80 66 59 64
2 2 24 20 55 54
2 2 77 71 36 11
2 2 39 20 79 72
2 2 7 52 32 68
2 2 12 40 28 10
2 2 77 26 58 24
2 2 12 15 80 51
2 2 38 52 30 47
2 2 67 24 30 60
2 2 75 4 57 10
2 2 60 79 35 45
2 2 7 32 61 77
2 2 64 56 19 7
2 2 61 8 35 31
2 2 3 27 72 34
2 2 26 73 22 80
2 2 12 80 72 40
2 2 28 71 13 75
2 2 21 75 38 34
2 2 35 22 72 61
2 2 68 57 59 18
2 2 54 59 62 21
2 2 57 59 5 80
2 2 56 17 53 60
80 80 80
2 2 8 35 33 41
2 2 60 78 18 39
2 2 23 13 4 54
2 2 54 72 4 27
2 2 75 64 15 57
2 2 68 34 28 80
2 2 80 70 19 46
2 2 75 28 62 9
2 2 71 56 2 47
2 2 6 9 45 35
2 2 21 78 56 72
2 2 43 35 67 45
2 2 41 38 57 29
2 2 16 28 48 7
2 2 60 50 76 9
2 2 30 71 21 78
2 2 47 7 56 25
2 2 67 23 80 71
2 2 1 67 45 40
2 2 78 70 26 26
2 2 31 47 5 12
2 2 22 25 14 49
2 2 32 55 60 33
2 2 59 18 60 18
2 2 17 38 61 68
2 2 64 70 14 10
2 2 78 21 30 19
2 2 40 48 10 26
2 2 33 69 14 68
2 2 1 7 9 38
2 2 31 43 45 68
2 2 30 75 38 44
2 2 64 76 76 49
2 2 24 6 74 66
2 2 79 58 38 26
2 2 22 65 55 20
2 2 3 14 79 38
2 2 60 21 19 44
2 2 28 22 75 2
2 2 50 19 39 67
2 2 32 49 65 63
2 2 69 22 55 7
2 2 40 8 48 75
2 2 35 39 20 78
2 2 54 32 66 63
2 2 66 49 64 11
2 2 57 62 80 26
2 2 1 72 17 62
2 2 36 10 37 44
2 2 3 36 41 16
2 2 59 40 23 37
2 2 40 18 52 79
2 2 79 35 51 63
2 2 13 77 18 56
2 2 27 59 7 74
2 2 39 8 71 20
2 2 62 32 53 23
2 2 76 64 49 20
2 2 75 32 54 71
2 2 2 48 73 64
2 2 79 77 28 21
2 2 74 69 29 28
2 2 19 19 28 66
2 2 47 20 45 44
2 2 18 57 59 80
2 2 59 24 51 74
2 2 28 22 24 65
2 2 10 49 72 69
2 2 59 23 57 32
2 2 67 9 68 77
2 2 21 14 10 32
2 2 51 73 36 77
2 2 19 61 50 5
2 2 28 28 19 56
2 2 32 19 40 32
2 2 13 50 34 71
2 2 69 6 5 63
2 2 51 57 25 2
2 2 20 18 11 37
2 2 79 7 18 46
80 80 80
2 2 19 50 54 21
2 2 25 27 34 38
2 2 74 61 64 5
2 2 37 53 27 29
2 2 32 34 11 17
2 2 37 18 32 3
2 2 18 23 10 29
2 2 46 61 39 38
2 2 21 31 48 64
2 2 46 51 69 43
2 2 30 74 45 62
2 2 62 54 54 29
2 2 15 18 69 21
2 2 35 37 59 6
2 2 36 19 3 26
2 2 59 42 8 12
2 2 45 27 13 20
2 2 5 52 14 78
2 2 78 67 57 42
2 2 49 6 21 63
2 2 21 29 31 73
2 2 10 32 30 18
2 2 59 62 32 9
2 2 32 77 39 71
2 2 62 30 71 17
2 2 10 45 32 53
2 2 29 46 30 8
2 2 75 20 77 73
2 2 21 73 36 14
2 2 67 66 59 30
2 2 59 30 61 58
2 2 57 21 8 30
2 2 74 45 26 5
2 2 71 60 77 72
2 2 79 49 9 55
2 2 38 45 47 67
2 2 34 78 47 65
2 2 43 43 54 18
2 2 7 43 68 11
2 2 33 16 45 8
2 2 21 50 63 63
2 2 24 17 74 78
2 2 70 69 67 38
2 2 61 35 79 35
2 2 64 67 26 50
2 2 59 8 66 4
2 2 2 76 64 60
2 2 66 47 41 28
2 2 18 65 3 31
2 2 39 75 41 78
2 2 5 16 57 21
2 2 44 18 64 33
2 2 64 79 1 80
2 2 48 42 65 11
2 2 62 55 13 12
2 2 57 79 64 33
2 2 67 19 64 3
2 2 15 72 45 46
2 2 80 25 52 33
2 2 44 11 53 19
2 2 70 56 30 74
2 2 19 14 7 79
2 2 16 67 38 25
2 2 14 80 20 62
2 2 11 61 17 27
2 2 44 24 42 55
2 2 41 23 48 43
2 2 74 77 1 17
2 2 70 54 30 79
2 2 32 53 6 21
2 2 25 24 37 51
2 2 79 18 24 27
2 2 63 9 17 21
2 2 25 41 65 46
2 2 3 16 73 65
2 2 64 53 6 17
2 2 50 80 26 46
2 2 35 13 34 70
2 2 29 28 37 9
2 2 53 66 47 29
80 80 80
2 2 47 59 11 64
2 2 80 44 6 42
2 2 34 45 72 2
2 2 25 20 9 75
2 2 76 29 45 6
2 2 37 53 78 25
2 2 79 39 2 41
2 2 44 32 77 28
2 2 33 44 43 28
2 2 60 29 77 36
2 2 56 52 73 45
2 2 33 25 43 53
2 2 73 67 68 21
2 2 18 28 76 19
2 2 18 80 38 35
2 2 79 59 52 63
2 2 70 34 27 55
2 2 9 30 55 1
2 2 24 60 23 33
2 2 33 2 48 7
2 2 43 42 24 76
2 2 37 50 47 77
2 2 25 45 13 53
2 2 56 65 8 77
2 2 33 52 22 33
2 2 33 44 25 41
2 2 54 44 13 30
2 2 70 14 59 23
2 2 37 9 69 72
2 2 25 20 44 29
2 2 22 21 65 79
2 2 3 35 75 77
2 2 22 57 55 23
2 2 80 70 52 51
2 2 36 27 6 50
2 2 26 77 30 45
2 2 42 7 53 9
2 2 25 3 51 42
2 2 45 16 30 64
2 2 43 46 80 55
2 2 40 9 74 27
2 2 48 13 13 38
2 2 5 16 45 43
2 2 8 29 30 31
2 2 45 43 20 30
2 2 32 77 58 28
2 2 17 37 30 55
2 2 10 35 10 48
2 2 73 26 8 73
2 2 60 14 70 56
2 2 29 34 29 10
2 2 28 14 44 53
2 2 65 11 61 38
2 2 73 80 18 9
2 2 5 58 28 50
2 2 12 15 61 16
2 2 45 51 14 35
2 2 16 56 34 1
2 2 61 39 65 13
2 2 31 77 60 6
2 2 73 15 59 32
2 2 31 62 78 56
2 2 12 7 21 48
2 2 12 66 75 15
2 2 54 60 54 53
2 2 55 60 52 56
2 2 43 40 4 51
2 2 62 28 33 56
2 2 9 78 56 43
2 2 13 67 18 64
2 2 56 2 65 66
2 2 53 27 56 50
2 2 72 59 44 32
2 2 43 55 15 36
2 2 7 59 49 12
2 2 51 71 30 2
2 2 66 62 16 22
2 2 14 63 17 41
2 2 14 18 45 21
2 2 1 41 54 49
80 80 80
2 2 54 39 73 18
2 2 7 72 22 27
2 2 54 39 3 37
2 2 25 47 37 76
2 2 40 72 30 47
2 2 28 66 77 73
2 2 31 31 35 24
2 2 44 27 56 68
2 2 2 39 74 43
2 2 23 31 60 53
2 2 42 3 68 47
2 2 28 3 43 29
2 2 31 49 12 55
2 2 4 41 26 23
2 2 63 48 79 60
2 2 49 64 33 32
2 2 64 35 57 73
2 2 53 43 36 41
2 2 23 38 17 23
2 2 54 17 49 43
2 2 9 1 22 27
2 2 16 21 11 59
2 2 33 75 27 14
2 2 10 39 53 61
2 2 50 1 65 27
2 2 45 43 2 46
2 2 79 23 36 14
2 2 17 8 59 29
2 2 40 62 71 59
2 2 26 68 18 26
2 2 8 40 35 77
2 2 67 78 38 3
2 2 44 56 29 65
2 2 57 29 55 27
2 2 21 78 23 50
2 2 42 8 44 27
2 2 33 1 10 38
2 2 47 69 50 29
2 2 70 29 65 25
2 2 7 54 8 39
2 2 80 47 25 25
2 2 5 80 40 6
2 2 13 16 39 34
2 2 44 79 55 12
2 2 6 31 41 59
2 2 9 55 63 59
2 2 47 34 1 17
2 2 32 60 44 49
2 2 50 30 62 19
2 2 43 5 38 23
2 2 73 37 13 46
2 2 32 12 30 22
2 2 74 80 32 41
2 2 34 9 12 73
2 2 23 45 61 36
2 2 75 48 71 57
2 2 37 75 25 29
2 2 23 73 70 21
2 2 76 52 54 3
2 2 51 79 38 48
2 2 80 10 42 63
2 2 6 75 27 32
2 2 31 38 1 64
2 2 80 49 12 52
2 2 59 45 4 70
2 2 3 60 57 22
2 2 41 52 75 34
2 2 63 6 64 50
2 2 27 70 65 76
2 2 33 43 32 54
2 2 26 19 23 21
2 2 45 46 29 43
2 2 72 60 59 78
2 2 42 44 20 50
2 2 20 44 56 40
2 2 79 80 64 3
2 2 62 41 65 46
2 2 44 7 30 34
2 2 77 60 26 33
2 2 75 22 13 3
80 80 80
2 2 14 45 71 3
2 2 40 25 9 48
2 2 31 19 25 22
2 2 14 29 57 73
2 2 44 75 37 70
2 2 3 80 55 12
2 2 58 71 70 4
2 2 54 56 15 5
2 2 33 41 69 69
2 2 7 17 27 55
2 2 62 80 7 42
2 2 55 28 46 28
2 2 57 35 71 49
2 2 66 4 14 74
2 2 19 76 53 13
2 2 9 51 39 22
2 2 20 71 47 66
2 2 35 69 29 78
2 2 67 75 14 51
2 2 70 58 1 18
2 2 6 7 3 32
2 2 66 2 8 19
2 2 60 65 67 58
2 2 78 37 71 15
2 2 73 76 80 57
2 2 39 2 34 59
2 2 33 57 57 1
2 2 37 73 71 2
2 2 56 48 4 64
2 2 63 10 5 78
2 2 24 14 42 43
2 2 1 79 34 69
2 2 67 49 51 58
2 2 12 7 14 54
2 2 60 34 67 33
2 2 79 5 65 37
2 2 80 19 21 1
2 2 4 57 75 51
2 2 10 9 70 31
2 2 77 62 12 1
2 2 71 12 20 3
2 2 16 36 34 22
2 2 69 77 23 36
2 2 15 79 67 47
2 2 3 56 48 66
2 2 12 32 59 72
2 2 5 58 65 4
2 2 77 18 39 72
2 2 69 68 77 19
2 2 59 72 18 34
2 2 66 49 80 55
2 2 1 21 80 57
2 2 51 21 33 50
2 2 66 29 24 20
2 2 43 56 55 74
2 2 27 10 39 3
2 2 67 1 73 10
2 2 42 17 2 16
2 2 35 54 73 43
2 2 47 71 74 74
2 2 50 67 67 63
2 2 49 30 54 62
2 2 32 73 66 47
2 2 51 5 61 24
2 2 50 41 51 54
2 2 8 32 3 73
2 2 61 33 13 30
2 2 51 19 70 72
2 2 37 23 80 10
2 2 52 36 72 30
2 2 55 20 45 51
2 2 63 18 46 45
2 2 21 3 6 23
2 2 15 33 10 50
2 2 66 58 55 15
2 2 75 57 21 11
2 2 62 57 68 48
2 2 38 14 80 42
2 2 19 1 4 21
2 2 76 80 77 75
80 80 80
2 2 32 6 78 75
2 2 10 54 8 18
2 2 70 9 18 46
2 2 63 54 11 57
2 2 80 63 10 34
2 2 66 57 66 9
2 2 55 22 34 20
2 2 3 78 43 40
2 2 38 26 5 34
2 2 37 60 34 50
2 2 58 35 57 40
2 2 59 12 59 42
2 2 30 66 29 45
2 2 50 21 49 3
2 2 54 75 1 46
2 2 16 26 29 74
2 2 41 5 22 10
2 2 43 66 58 7
2 2 67 64 71 13
2 2 75 23 8 21
2 2 60 71 39 1
2 2 19 34 31 30
2 2 18 39 60 51
2 2 29 69 54 26
2 2 45 78 12 66
2 2 5 41 51 57
2 2 4 40 22 45
2 2 57 8 69 47
2 2 75 70 36 45
2 2 15 46 47 33
2 2 31 16 47 33
2 2 54 28 23 46
2 2 21 61 2 41
2 2 65 29 16 63
2 2 31 32 67 70
2 2 48 14 36 34
2 2 31 69 62 16
2 2 32 40 37 51
2 2 80 45 52 56
2 2 38 79 21 12
2 2 19 55 4 63
2 2 71 64 4 16
2 2 55 16 72 39
2 2 59 39 42 2
2 2 44 45 2 57
2 2 3 31 36 76
2 2 72 54 39 39
2 2 39 46 51 45
2 2 74 37 27 51
2 2 37 47 2 50
2 2 15 32 79 31
2 2 38 18 72 9
2 2 35 19 73 71
2 2 50 66 62 1
2 2 42 66 2 44
2 2 54 70 18 39
2 2 46 14 52 35
2 2 67 26 29 61
2 2 11 69 5 45
2 2 27 62 66 28
2 2 25 63 78 24
2 2 23 48 39 27
2 2 41 71 49 23
2 2 44 22 71 33
2 2 66 55 58 30
2 2 14 64 73 40
2 2 77 8 51 49
2 2 52 43 10 34
2 2 63 24 78 13
2 2 31 8 34 17
2 2 39 76 46 38
2 2 20 79 5 1
2 2 56 57 38 67
2 2 49 79 71 41
2 2 73 30 21 56
2 2 47 8 53 3
2 2 42 5 2 19
2 2 35 58 65 24
2 2 8 41 36 10
2 2 43 63 13 16
80 80 80
2 2 4 58 5 66
2 2 6 22 59 25
2 2 64 31 7 67
2 2 20 67 68 37
2 2 28 76 6 27
2 2 63 68 71 25
2 2 79 69 63 48
2 2 58 37 20 20
2 2 57 33 32 42
2 2 8 70 9 77
2 2 7 3 34 64
2 2 47 59 76 64
2 2 72 53 20 50
2 2 63 53 73 59
2 2 31 6 25 71
2 2 60 15 61 20
2 2 73 38 20 57
2 2 19 44 19 77
2 2 33 15 18 14
2 2 12 79 14 27
2 2 17 71 72 24
2 2 28 28 23 3
2 2 43 36 14 47
2 2 14 29 25 39
2 2 72 79 76 30
2 2 50 56 75 32
2 2 32 12 67 28
2 2 53 63 78 60
2 2 10 56 29 12
2 2 50 40 39 74
2 2 37 21 57 71
2 2 9 47 29 19
2 2 8 35 65 56
2 2 78 72 70 44
2 2 71 16 46 41
2 2 37 58 62 26
2 2 6 49 30 13
2 2 76 72 10 6
2 2 66 49 51 13
2 2 25 50 12 1
2 2 77 73 48 55
2 2 5 28 22 57
2 2 41 65 31 52
2 2 24 61 19 77
2 2 72 55 69 73
2 2 69 43 3 30
2 2 67 62 26 49
2 2 41 6 55 39
2 2 25 25 18 9
2 2 47 50 62 46
2 2 26 8 65 29
2 2 71 41 30 76
2 2 35 2 62 65
2 2 24 33 38 41
2 2 12 67 22 34
2 2 67 74 19 44
2 2 64 41 36 30
2 2 26 27 1 66
2 2 76 74 15 65
2 2 79 13 52 45
2 2 75 8 20 35
2 2 48 72 6 31
2 2 80 73 20 30
2 2 51 45 66 55
2 2 52 48 33 36
2 2 78 20 66 43
2 2 66 64 52 17
2 2 58 7 70 55
2 2 65 2 66 45
2 2 40 30 21 70
2 2 66 20 79 69
2 2 19 61 40 47
2 2 25 5 2 75
2 2 8 12 4 66
2 2 64 63 75 11
2 2 19 22 40 66
2 2 26 53 50 79
2 2 27 52 23 21
2 2 52 78 33 38
2 2 16 59 7 27
80 80 80
2 2 2 32 36 33
2 2 51 3 42 28
2 2 40 16 79 30
2 2 37 58 44 21
2 2 23 57 48 40
2 2 4 73 78 20
2 2 58 27 70 15
2 2 51 20 66 66
2 2 1 55 33 53
2 2 57 72 56 49
2 2 13 25 75 41
2 2 28 1 55 6
2 2 29 5 6 8
2 2 46 26 46 57
2 2 40 21 56 80
2 2 8 57 45 27
2 2 58 33 4 55
2 2 69 26 31 39
2 2 35 16 10 44
2 2 2 74 42 45
2 2 62 15 32 12
2 2 20 23 58 11
2 2 31 64 2 40
2 2 73 39 10 29
2 2 80 38 24 69
2 2 67 71 67 71
2 2 12 46 38 36
2 2 18 37 74 32
2 2 45 32 9 67
2 2 1 48 36 49
2 2 66 54 16 21
2 2 34 30 76 47
2 2 53 44 40 30
2 2 61 62 40 54
2 2 12 57 76 2
2 2 55 80 56 39
2 2 76 45 12 62
2 2 15 2 64 35
2 2 22 28 44 71
2 2 78 77 55 8
2 2 12 42 48 18
2 2 47 64 64 59
2 2 20 71 54 4
2 2 60 43 55 40
2 2 48 13 51 11
2 2 11 78 80 39
2 2 76 25 2 44
2 2 56 3 13 63
2 2 25 23 10 47
2 2 3 26 77 63
2 2 9 65 62 41
2 2 13 52 60 42
2 2 59 73 26 8
2 2 46 50 24 52
2 2 25 37 76 68
2 2 10 31 49 11
2 2 79 74 65 37
2 2 37 11 36 72
2 2 30 77 49 32
2 2 4 42 9 38
2 2 33 38 12 70
2 2 5 45 58 1
2 2 78 38 38 46
2 2 16 16 6 19
2 2 32 59 48 18
2 2 63 20 7 60
2 2 4 49 56 56
2 2 28 45 48 16
2 2 3 44 36 34
2 2 9 15 42 6
2 2 79 52 42 25
2 2 69 20 80 46
2 2 48 48 66 37
2 2 45 34 73 3
2 2 16 22 80 16
2 2 16 43 5 65
2 2 69 66 28 12
2 2 7 53 59 73
2 2 47 69 67 3
2 2 35 28 1 19
80 80 80
2 2 66 1 67 14
2 2 73 68 45 51
2 2 53 18 2 40
2 2 11 20 75 48
2 2 26 63 64 19
2 2 56 63 31 49
2 2 64 17 45 11
2 2 6 21 61 41
2 2 24 51 45 27
2 2 62 42 54 5
2 2 20 76 11 77
2 2 41 38 21 51
2 2 70 73 74 70
2 2 73 13 42 54
2 2 39 79 19 66
2 2 9 32 22 23
2 2 21 63 59 12
2 2 72 3 71 14
2 2 18 59 20 48
2 2 52 64 54 18
2 2 42 24 55 20
2 2 35 45 30 13
2 2 5 69 31 37
2 2 55 26 63 5
2 2 46 43 56 31
2 2 34 62 35 6
2 2 65 21 41 47
2 2 71 50 48 4
2 2 75 3 32 44
2 2 34 14 47 31
2 2 62 74 60 35
2 2 26 3 60 24
2 2 19 63 48 3
2 2 70 41 30 20
2 2 37 35 69 41
2 2 13 10 23 62
2 2 11 33 48 61
2 2 18 31 32 19
2 2 21 54 6 44
2 2 30 26 62 8
2 2 58 1 44 40
2 2 47 36 73 14
2 2 80 75 52 29
2 2 65 24 47 26
2 2 61 72 52 21
2 2 60 47 35 46
2 2 61 80 71 63
2 2 78 14 59 60
2 2 36 24 73 28
2 2 73 13 41 29
2 2 37 36 31 74
2 2 63 74 57 76
2 2 3 65 5 53
2 2 76 46 43 25
2 2 56 78 27 43
2 2 36 45 3 59
2 2 68 11 17 62
2 2 62 20 63 54
2 2 56 21 18 48
2 2 33 63 8 78
2 2 18 65 15 74
2 2 45 57 13 42
2 2 43 23 60 62
2 2 44 24 27 61
2 2 46 17 48 62
2 2 58 40 32 1
2 2 59 21 72 61
2 2 50 55 1 5
2 2 44 47 12 20
2 2 58 17 41 8
2 2 71 67 22 72
2 2 49 29 69 71
2 2 21 50 31 43
2 2 71 55 30 4
2 2 33 43 44 79
2 2 29 32 21 40
2 2 68 4 72 2
2 2 30 68 37 43
2 2 80 57 3 39
2 2 45 10 5 33
